0 2.47963e-14 0.298061 0 26.3745
0.1 0.353383 0.298075 0.0237309 26.3745
0.2 0.706727 0.298119 0.0474619 26.3745
0.3 1.05999 0.298192 0.0711927 26.3744
0.4 1.41314 0.298293 0.0949235 26.3743
0.5 1.76613 0.298424 0.118654 26.3741
0.6 2.11892 0.298585 0.142385 26.374
0.7 2.47148 0.298774 0.166115 26.3738
0.8 2.82376 0.298992 0.189845 26.3736
0.9 3.17573 0.299239 0.213575 26.3733
1 3.52735 0.299516 0.237305 26.3731
1.1 3.87858 0.299821 0.261034 26.3728
1.2 4.22938 0.300156 0.284763 26.3724
1.3 4.57971 0.30052 0.308492 26.3721
1.4 4.92954 0.300913 0.33222 26.3717
1.5 5.27883 0.301335 0.355948 26.3712
1.6 5.62754 0.301786 0.379675 26.3708
1.7 5.97564 0.302266 0.403402 26.3703
1.8 6.32308 0.302775 0.427129 26.3698
1.9 6.66984 0.303313 0.450855 26.3693
2 7.01588 0.303881 0.47458 26.3687
2.1 7.36115 0.304477 0.498305 26.3681
2.2 7.70564 0.305103 0.52203 26.3675
2.3 8.0493 0.305758 0.545753 26.3668
2.4 8.39209 0.306441 0.569476 26.3661
2.5 8.73399 0.307154 0.593198 26.3654
2.6 9.07497 0.307896 0.61692 26.3647
2.7 9.41499 0.308667 0.640641 26.3639
2.8 9.75401 0.309467 0.664361 26.3631
2.9 10.092 0.310296 0.68808 26.3623
3 10.429 0.311154 0.711798 26.3614
3.1 10.7648 0.312042 0.735516 26.3605
3.2 11.0996 0.312958 0.759232 26.3596
3.3 11.4332 0.313903 0.782948 26.3587
3.4 11.7656 0.314878 0.806663 26.3577
3.5 12.0969 0.315881 0.830376 26.3567
3.6 12.4269 0.316914 0.854089 26.3557
3.7 12.7556 0.317975 0.877801 26.3546
3.8 13.0831 0.319066 0.901511 26.3535
3.9 13.4093 0.320186 0.925221 26.3524
4 13.7341 0.321334 0.948929 26.3512
4.1 14.0576 0.322512 0.972637 26.3501
4.2 14.3797 0.323719 0.996343 26.3489
4.3 14.7004 0.324955 1.02005 26.3476
4.4 15.0197 0.32622 1.04375 26.3464
4.5 15.3375 0.327513 1.06745 26.3451
4.6 15.6539 0.328836 1.09115 26.3437
4.7 15.9688 0.330188 1.11485 26.3424
4.8 16.2822 0.331569 1.13855 26.341
4.9 16.594 0.332979 1.16225 26.3396
5 16.9043 0.334418 1.18594 26.3382
5.1 17.2131 0.335886 1.20964 26.3367
5.2 17.5202 0.337382 1.23333 26.3352
5.3 17.8258 0.338908 1.25702 26.3337
5.4 18.1297 0.340463 1.28071 26.3321
5.5 18.4321 0.342047 1.3044 26.3305
5.6 18.7328 0.34366 1.32809 26.3289
5.7 19.0318 0.345301 1.35177 26.3273
5.8 19.3291 0.346972 1.37545 26.3256
5.9 19.6248 0.348672 1.39914 26.3239
6 19.9188 0.3504 1.42282 26.3222
6.1 20.2111 0.352158 1.44649 26.3204
6.2 20.5016 0.353944 1.47017 26.3186
6.3 20.7904 0.35576 1.49384 26.3168
6.4 21.0775 0.357604 1.51752 26.315
6.5 21.3629 0.359477 1.54119 26.3131
6.6 21.6464 0.361379 1.56486 26.3112
6.7 21.9283 0.36331 1.58852 26.3093
6.8 22.2083 0.36527 1.61219 26.3073
6.9 22.4866 0.367259 1.63585 26.3053
7 22.763 0.369277 1.65951 26.3033
7.1 23.0377 0.371324 1.68317 26.3012
7.2 23.3106 0.373399 1.70683 26.2992
7.3 23.5817 0.375504 1.73048 26.2971
7.4 23.851 0.377637 1.75414 26.2949
7.5 24.1184 0.379799 1.77779 26.2928
7.6 24.3841 0.38199 1.80144 26.2906
7.7 24.6479 0.38421 1.82508 26.2884
7.79999 24.9099 0.386459 1.84873 26.2861
7.89999 25.1701 0.388736 1.87237 26.2838
7.99999 25.4285 0.391043 1.89601 26.2815
8.09999 25.685 0.393378 1.91964 26.2792
8.2 25.9398 0.395742 1.94328 26.2768
8.3 26.1927 0.398135 1.96691 26.2744
8.4 26.4437 0.400556 1.99054 26.272
8.5 26.693 0.403007 2.01417 26.2696
8.6 26.9404 0.405486 2.03779 26.2671
8.7 27.186 0.407994 2.06142 26.2646
8.8 27.4298 0.41053 2.08504 26.262
8.9 27.6717 0.413096 2.10866 26.2595
9 27.9118 0.41569 2.13227 26.2569
9.1 28.1502 0.418313 2.15588 26.2543
9.2 28.3867 0.420965 2.17949 26.2516
9.3 28.6214 0.423645 2.2031 26.2489
9.4 28.8542 0.426355 2.2267 26.2462
9.5 29.0853 0.429092 2.25031 26.2435
9.6 29.3146 0.431859 2.2739 26.2407
9.7 29.5421 0.434654 2.2975 26.2379
9.8 29.7678 0.437478 2.32109 26.2351
9.9 29.9918 0.440331 2.34469 26.2322
10 30.2139 0.443212 2.36827 26.2294
10.1 30.4343 0.446122 2.39186 26.2264
10.2 30.6529 0.449061 2.41544 26.2235
10.3 30.8697 0.452028 2.43902 26.2205
10.4 31.0848 0.455024 2.46259 26.2175
10.5 31.2982 0.458049 2.48617 26.2145
10.6 31.5098 0.461102 2.50974 26.2115
10.7 31.7196 0.464184 2.5333 26.2084
10.8 31.9278 0.467294 2.55687 26.2053
10.9 32.1342 0.470433 2.58043 26.2021
11 32.3389 0.473601 2.60398 26.199
11.1 32.5419 0.476797 2.62754 26.1958
11.2 32.7432 0.480021 2.65109 26.1925
11.3 32.9428 0.483275 2.67464 26.1893
11.4 33.1407 0.486556 2.69818 26.186
11.5 33.337 0.489867 2.72172 26.1827
11.6 33.5316 0.493206 2.74526 26.1794
11.7 33.7245 0.496573 2.76879 26.176
11.8 33.9158 0.499969 2.79232 26.1726
11.9 34.1054 0.503393 2.81585 26.1692
12 34.2935 0.506846 2.83938 26.1657
12.1 34.4798 0.510327 2.8629 26.1622
12.2 34.6646 0.513837 2.88641 26.1587
12.3 34.8478 0.517375 2.90993 26.1552
12.4 35.0294 0.520942 2.93344 26.1516
12.5 35.2093 0.524537 2.95694 26.148
12.6 35.3877 0.52816 2.98045 26.1444
12.7 35.5646 0.531812 3.00394 26.1408
12.8 35.7399 0.535492 3.02744 26.1371
12.9 35.9136 0.539201 3.05093 26.1334
13 36.0858 0.542938 3.07442 26.1296
13.1 36.2565 0.546703 3.0979 26.1259
13.2 36.4256 0.550497 3.12138 26.1221
13.3 36.5932 0.554319 3.14486 26.1183
13.4 36.7594 0.558169 3.16833 26.1144
13.5 36.924 0.562048 3.1918 26.1105
13.6 37.0871 0.565955 3.21526 26.1066
13.7 37.2488 0.56989 3.23872 26.1027
13.8 37.4091 0.573854 3.26218 26.0987
13.9 37.5678 0.577845 3.28563 26.0947
14 37.7251 0.581866 3.30908 26.0907
14.1 37.881 0.585914 3.33253 26.0867
14.2 38.0355 0.58999 3.35597 26.0826
14.3 38.1886 0.594095 3.3794 26.0785
14.4 38.3402 0.598228 3.40283 26.0743
14.5 38.4905 0.602389 3.42626 26.0702
14.6 38.6394 0.606578 3.44968 26.066
14.7 38.7869 0.610796 3.4731 26.0618
14.8 38.933 0.615042 3.49652 26.0575
14.9 39.0778 0.619315 3.51993 26.0533
15 39.2212 0.623617 3.54333 26.049
15.1 39.3633 0.627947 3.56674 26.0446
15.2 39.5041 0.632305 3.59013 26.0403
15.3 39.6436 0.636691 3.61353 26.0359
15.4 39.7817 0.641106 3.63692 26.0315
15.5 39.9186 0.645548 3.6603 26.027
15.6 40.0542 0.650018 3.68368 26.0226
15.7 40.1885 0.654517 3.70705 26.0181
15.8 40.3215 0.659043 3.73042 26.0135
15.9 40.4533 0.663598 3.75379 26.009
16 40.5838 0.66818 3.77715 26.0044
16.1 40.7131 0.67279 3.80051 25.9998
16.2 40.8412 0.677429 3.82386 25.9951
16.3 40.968 0.682095 3.8472 25.9905
16.4 41.0937 0.686789 3.87055 25.9858
16.5 41.2181 0.691511 3.89388 25.9811
16.6 41.3413 0.696261 3.91721 25.9763
16.7 41.4634 0.701039 3.94054 25.9715
16.8 41.5843 0.705845 3.96386 25.9667
16.9 41.704 0.710679 3.98718 25.9619
17 41.8226 0.71554 4.01049 25.957
17.1 41.94 0.72043 4.0338 25.9521
17.2 42.0563 0.725347 4.0571 25.9472
17.3 42.1715 0.730292 4.0804 25.9423
17.4 42.2855 0.735265 4.10369 25.9373
17.5 42.3985 0.740265 4.12698 25.9323
17.6 42.5103 0.745294 4.15026 25.9273
17.7 42.6211 0.75035 4.17354 25.9222
17.8 42.7307 0.755433 4.19681 25.9171
17.9 42.8393 0.760545 4.22008 25.912
18 42.9468 0.765684 4.24334 25.9069
18.1 43.0533 0.770851 4.2666 25.9017
18.2 43.1587 0.776045 4.28985 25.8965
18.3 43.2631 0.781268 4.31309 25.8913
18.4 43.3664 0.786517 4.33633 25.8861
18.5 43.4688 0.791795 4.35957 25.8808
18.6 43.5701 0.7971 4.3828 25.8755
18.7 43.6704 0.802433 4.40602 25.8701
18.8 43.7697 0.807793 4.42924 25.8648
18.9 43.868 0.81318 4.45245 25.8594
19 43.9653 0.818596 4.47566 25.854
19.1 44.0617 0.824038 4.49886 25.8485
19.2 44.1571 0.829509 4.52205 25.8431
19.3 44.2515 0.835006 4.54524 25.8376
19.4 44.345 0.840532 4.56843 25.832
19.5 44.4375 0.846084 4.59161 25.8265
19.6 44.5291 0.851665 4.61478 25.8209
19.7 44.6198 0.857272 4.63795 25.8153
19.8 44.7096 0.862907 4.66111 25.8097
19.9 44.7984 0.868569 4.68426 25.804
20 44.8863 0.874259 4.70741 25.7983
20.1 44.9734 0.879976 4.73055 25.7926
20.2 45.0595 0.88572 4.75369 25.7869
20.3 45.1448 0.891492 4.77682 25.7811
20.4 45.2292 0.897291 4.79995 25.7753
20.5 45.3127 0.903117 4.82307 25.7695
20.6 45.3954 0.908971 4.84618 25.7636
20.7 45.4772 0.914852 4.86929 25.7577
20.8 45.5582 0.92076 4.89239 25.7518
20.9 45.6383 0.926695 4.91549 25.7459
21 45.7176 0.932657 4.93857 25.7399
21.1 45.796 0.938647 4.96166 25.7339
21.2 45.8737 0.944664 4.98473 25.7279
21.3 45.9505 0.950707 5.0078 25.7219
21.4 46.0265 0.956778 5.03087 25.7158
21.5 46.1018 0.962876 5.05392 25.7097
21.6 46.1762 0.969002 5.07698 25.7036
21.7 46.2499 0.975154 5.10002 25.6974
21.8 46.3227 0.981333 5.12306 25.6912
21.9 46.3948 0.987539 5.14609 25.685
22 46.4662 0.993773 5.16912 25.6788
22.1 46.5367 1.00003 5.19213 25.6725
22.2 46.6065 1.00632 5.21515 25.6663
22.3 46.6756 1.01263 5.23815 25.6599
22.4 46.7439 1.01898 5.26115 25.6536
22.5 46.8115 1.02534 5.28414 25.6472
22.6 46.8784 1.03174 5.30713 25.6408
22.7001 46.9445 1.03816 5.33011 25.6344
22.8001 47.0099 1.04461 5.35308 25.628
22.9001 47.0746 1.05108 5.37604 25.6215
23.0001 47.1386 1.05759 5.399 25.615
23.1001 47.2019 1.06412 5.42195 25.6085
23.2001 47.2645 1.07067 5.4449 25.6019
23.3001 47.3264 1.07725 5.46784 25.5953
23.4001 47.3877 1.08386 5.49077 25.5887
23.5001 47.4482 1.0905 5.51369 25.5821
23.6001 47.5081 1.09716 5.53661 25.5754
23.7001 47.5673 1.10385 5.55952 25.5687
23.8001 47.6259 1.11057 5.58242 25.562
23.9001 47.6838 1.11731 5.60531 25.5553
24.0001 47.741 1.12408 5.6282 25.5485
24.1001 47.7976 1.13087 5.65108 25.5417
24.2001 47.8536 1.1377 5.67396 25.5349
24.3001 47.9089 1.14455 5.69682 25.528
24.4001 47.9636 1.15142 5.71968 25.5211
24.5001 48.0177 1.15832 5.74254 25.5142
24.6001 48.0711 1.16525 5.76538 25.5073
24.7001 48.1239 1.17221 5.78822 25.5004
24.8001 48.1762 1.17919 5.81105 25.4934
24.9001 48.2278 1.1862 5.83387 25.4864
25.0001 48.2788 1.19323 5.85669 25.4793
25.1001 48.3292 1.20029 5.87949 25.4723
25.2001 48.3791 1.20738 5.90229 25.4652
25.3001 48.4283 1.21449 5.92509 25.4581
25.4001 48.477 1.22163 5.94787 25.4509
25.5001 48.5251 1.2288 5.97065 25.4438
25.6001 48.5726 1.23599 5.99342 25.4366
25.7001 48.6196 1.24321 6.01618 25.4294
25.8001 48.6659 1.25045 6.03893 25.4221
25.9001 48.7118 1.25772 6.06168 25.4148
26.0001 48.7571 1.26502 6.08442 25.4076
26.1001 48.8018 1.27234 6.10715 25.4002
26.2001 48.846 1.27969 6.12987 25.3929
26.3001 48.8896 1.28707 6.15259 25.3855
26.4001 48.9327 1.29447 6.1753 25.3781
26.5001 48.9753 1.3019 6.198 25.3707
26.6001 49.0173 1.30935 6.22069 25.3632
26.7001 49.0589 1.31683 6.24337 25.3557
26.8001 49.0999 1.32434 6.26605 25.3482
26.9001 49.1404 1.33187 6.28871 25.3407
27.0001 49.1803 1.33942 6.31137 25.3331
27.1001 49.2198 1.34701 6.33402 25.3256
27.2001 49.2588 1.35462 6.35667 25.318
27.3001 49.2972 1.36225 6.3793 25.3103
27.4001 49.3352 1.36991 6.40193 25.3027
27.5001 49.3727 1.3776 6.42454 25.295
27.6001 49.4097 1.38531 6.44715 25.2873
27.7001 49.4462 1.39305 6.46976 25.2795
27.8001 49.4822 1.40082 6.49235 25.2718
27.9001 49.5178 1.40861 6.51493 25.264
28.0001 49.5529 1.41642 6.53751 25.2561
28.1001 49.5875 1.42426 6.56008 25.2483
28.2001 49.6216 1.43213 6.58264 25.2404
28.3001 49.6553 1.44002 6.60519 25.2325
28.4001 49.6885 1.44794 6.62773 25.2246
28.5001 49.7213 1.45589 6.65026 25.2167
28.6001 49.7536 1.46386 6.67279 25.2087
28.7001 49.7855 1.47185 6.6953 25.2007
28.8001 49.8169 1.47987 6.71781 25.1927
28.9001 49.8479 1.48792 6.74031 25.1847
29.0001 49.8784 1.49599 6.7628 25.1766
29.1001 49.9085 1.50409 6.78528 25.1685
29.2001 49.9382 1.51221 6.80775 25.1604
29.3001 49.9675 1.52036 6.83022 25.1522
29.4001 49.9963 1.52853 6.85267 25.144
29.5001 50.0247 1.53673 6.87512 25.1358
29.6001 50.0527 1.54495 6.89755 25.1276
29.7001 50.0803 1.5532 6.91998 25.1194
29.8001 50.1074 1.56148 6.9424 25.1111
29.9001 50.1342 1.56978 6.96481 25.1028
30.0001 50.1605 1.5781 6.98721 25.0945
30.1001 50.1865 1.58645 7.0096 25.0861
30.2001 50.212 1.59483 7.03198 25.0777
30.3001 50.2372 1.60323 7.05436 25.0693
30.4001 50.2619 1.61166 7.07672 25.0609
30.5001 50.2863 1.62011 7.09907 25.0525
30.6001 50.3103 1.62858 7.12142 25.044
30.7001 50.3339 1.63708 7.14375 25.0355
30.8001 50.3571 1.64561 7.16608 25.027
30.9001 50.3799 1.65416 7.1884 25.0184
31.0001 50.4024 1.66274 7.2107 25.0098
31.1001 50.4244 1.67134 7.233 25.0012
31.2001 50.4461 1.67996 7.25529 24.9926
31.3001 50.4675 1.68862 7.27757 24.984
31.4001 50.4885 1.69729 7.29984 24.9753
31.5001 50.5091 1.70599 7.3221 24.9666
31.6001 50.5293 1.71472 7.34435 24.9579
31.7001 50.5492 1.72347 7.36659 24.9491
31.8001 50.5688 1.73224 7.38882 24.9403
31.9001 50.588 1.74104 7.41104 24.9315
32.0001 50.6068 1.74987 7.43325 24.9227
32.1001 50.6253 1.75871 7.45545 24.9139
32.2001 50.6435 1.76759 7.47764 24.905
32.3001 50.6613 1.77649 7.49982 24.8961
32.4001 50.6787 1.78541 7.522 24.8872
32.5001 50.6959 1.79436 7.54416 24.8782
32.6001 50.7127 1.80333 7.56631 24.8692
32.7001 50.7291 1.81232 7.58845 24.8602
32.8001 50.7453 1.82135 7.61058 24.8512
32.9001 50.7611 1.83039 7.6327 24.8422
33.0001 50.7765 1.83946 7.65481 24.8331
33.1001 50.7917 1.84855 7.67691 24.824
33.2001 50.8065 1.85767 7.699 24.8149
33.3001 50.8211 1.86682 7.72108 24.8058
33.4001 50.8353 1.87598 7.74315 24.7966
33.5001 50.8492 1.88517 7.76521 24.7874
33.6001 50.8627 1.89439 7.78726 24.7782
33.7001 50.876 1.90363 7.8093 24.7689
33.8001 50.889 1.91289 7.83133 24.7597
33.9001 50.9016 1.92218 7.85335 24.7504
34.0001 50.914 1.9315 7.87536 24.7411
34.1001 50.926 1.94083 7.89735 24.7317
34.2001 50.9378 1.95019 7.91934 24.7224
34.3 50.9493 1.95958 7.94132 24.713
34.4 50.9604 1.96899 7.96328 24.7036
34.5 50.9713 1.97842 7.98524 24.6942
34.6 50.9819 1.98788 8.00718 24.6847
34.7 50.9922 1.99736 8.02911 24.6752
34.8 51.0022 2.00686 8.05103 24.6657
34.9 51.0119 2.01639 8.07295 24.6562
35 51.0214 2.02594 8.09485 24.6466
35.1 51.0305 2.03552 8.11674 24.6371
35.2 51.0394 2.04512 8.13862 24.6275
35.3 51.048 2.05474 8.16048 24.6178
35.4 51.0564 2.06439 8.18234 24.6082
35.5 51.0644 2.07406 8.20419 24.5985
35.6 51.0722 2.08376 8.22602 24.5888
35.7 51.0798 2.09348 8.24785 24.5791
35.8 51.087 2.10322 8.26966 24.5694
35.9 51.094 2.11299 8.29146 24.5596
36 51.1007 2.12278 8.31325 24.5498
36.1 51.1072 2.13259 8.33503 24.54
36.2 51.1134 2.14243 8.3568 24.5301
36.3 51.1194 2.15229 8.37856 24.5203
36.4 51.125 2.16217 8.4003 24.5104
36.5 51.1305 2.17208 8.42204 24.5005
36.6 51.1357 2.18201 8.44376 24.4906
36.7 51.1406 2.19196 8.46547 24.4806
36.8 51.1453 2.20194 8.48717 24.4706
36.9 51.1497 2.21194 8.50886 24.4606
37 51.1539 2.22196 8.53053 24.4506
37.1 51.1579 2.23201 8.5522 24.4406
37.2 51.1616 2.24208 8.57385 24.4305
37.3 51.165 2.25217 8.59549 24.4204
37.4 51.1683 2.26229 8.61712 24.4103
37.5 51.1712 2.27243 8.63874 24.4001
37.6 51.174 2.28259 8.66035 24.39
37.7 51.1765 2.29278 8.68194 24.3798
37.8 51.1788 2.30299 8.70353 24.3696
37.9 51.1808 2.31322 8.7251 24.3594
38 51.1827 2.32347 8.74666 24.3491
38.1 51.1843 2.33375 8.7682 24.3388
38.2 51.1856 2.34405 8.78974 24.3285
38.3 51.1868 2.35438 8.81126 24.3182
38.4 51.1877 2.36472 8.83277 24.3078
38.5 51.1884 2.37509 8.85427 24.2975
38.6 51.1888 2.38548 8.87576 24.2871
38.7 51.1891 2.3959 8.89723 24.2767
38.8 51.1891 2.40633 8.91869 24.2662
38.9 51.1889 2.41679 8.94014 24.2558
39 51.1885 2.42728 8.96158 24.2453
39.1 51.1879 2.43778 8.98301 24.2348
39.2 51.1871 2.44831 9.00442 24.2243
39.3 51.1861 2.45886 9.02582 24.2137
39.4 51.1848 2.46943 9.04721 24.2031
39.5 51.1833 2.48003 9.06858 24.1925
39.6 51.1817 2.49065 9.08995 24.1819
39.7 51.1798 2.50129 9.1113 24.1713
39.8 51.1777 2.51195 9.13264 24.1606
39.9 51.1755 2.52264 9.15396 24.1499
40 51.173 2.53334 9.17528 24.1392
40.1 51.1703 2.54407 9.19658 24.1285
40.2 51.1674 2.55482 9.21786 24.1177
40.3 51.1643 2.5656 9.23914 24.107
40.4 51.1611 2.5764 9.2604 24.0962
40.5 51.1576 2.58721 9.28165 24.0854
40.6 51.1539 2.59805 9.30288 24.0745
40.7 51.1501 2.60892 9.32411 24.0637
40.7999 51.146 2.6198 9.34532 24.0528
40.8999 51.1418 2.63071 9.36651 24.0419
40.9999 51.1373 2.64164 9.3877 24.0309
41.0999 51.1327 2.65259 9.40887 24.02
41.1999 51.1279 2.66356 9.43003 24.009
41.2999 51.1229 2.67456 9.45117 23.998
41.3999 51.1177 2.68557 9.4723 23.987
41.4999 51.1124 2.69661 9.49342 23.976
41.5999 51.1068 2.70767 9.51453 23.9649
41.6999 51.1011 2.71875 9.53562 23.9538
41.7999 51.0952 2.72986 9.5567 23.9427
41.8999 51.0891 2.74098 9.57776 23.9316
41.9999 51.0829 2.75213 9.59881 23.9204
42.0999 51.0764 2.7633 9.61985 23.9093
42.1999 51.0698 2.77449 9.64088 23.8981
42.2999 51.063 2.7857 9.66189 23.8869
42.3999 51.056 2.79693 9.68288 23.8756
42.4999 51.0489 2.80819 9.70387 23.8644
42.5999 51.0416 2.81947 9.72484 23.8531
42.6999 51.0341 2.83076 9.74579 23.8418
42.7999 51.0265 2.84208 9.76674 23.8305
42.8999 51.0186 2.85342 9.78767 23.8191
42.9999 51.0107 2.86478 9.80858 23.8078
43.0999 51.0025 2.87617 9.82948 23.7964
43.1999 50.9942 2.88757 9.85037 23.785
43.2999 50.9857 2.899 9.87124 23.7736
43.3999 50.9771 2.91044 9.8921 23.7621
43.4999 50.9682 2.92191 9.91295 23.7507
43.5999 50.9593 2.9334 9.93378 23.7392
43.6999 50.9501 2.94491 9.9546 23.7277
43.7999 50.9409 2.95644 9.9754 23.7161
43.8999 50.9314 2.96799 9.99619 23.7046
43.9999 50.9218 2.97957 10.017 23.693
44.0999 50.912 2.99116 10.0377 23.6814
44.1999 50.9021 3.00278 10.0585 23.6698
44.2999 50.892 3.01441 10.0792 23.6582
44.3999 50.8818 3.02607 10.0999 23.6465
44.4999 50.8714 3.03775 10.1206 23.6348
44.5999 50.8609 3.04944 10.1413 23.6231
44.6999 50.8502 3.06116 10.162 23.6114
44.7999 50.8394 3.0729 10.1826 23.5997
44.8999 50.8284 3.08466 10.2033 23.5879
44.9999 50.8172 3.09644 10.2239 23.5761
45.0999 50.806 3.10824 10.2445 23.5643
45.1999 50.7945 3.12007 10.2651 23.5525
45.2999 50.783 3.13191 10.2857 23.5407
45.3999 50.7712 3.14377 10.3063 23.5288
45.4999 50.7594 3.15566 10.3269 23.5169
45.5999 50.7474 3.16756 10.3474 23.505
45.6999 50.7352 3.17948 10.3679 23.4931
45.7999 50.7229 3.19143 10.3884 23.4811
45.8999 50.7105 3.20339 10.4089 23.4692
45.9999 50.6979 3.21538 10.4294 23.4572
46.0999 50.6852 3.22738 10.4499 23.4452
46.1999 50.6723 3.23941 10.4703 23.4332
46.2999 50.6593 3.25145 10.4908 23.4211
46.3999 50.6462 3.26352 10.5112 23.4091
46.4999 50.633 3.2756 10.5316 23.397
46.5999 50.6196 3.28771 10.552 23.3849
46.6999 50.606 3.29984 10.5724 23.3727
46.7999 50.5924 3.31198 10.5927 23.3606
46.8999 50.5785 3.32415 10.6131 23.3484
46.9999 50.5646 3.33633 10.6334 23.3362
47.0999 50.5505 3.34854 10.6537 23.324
47.1999 50.5364 3.36076 10.674 23.3118
47.2999 50.522 3.37301 10.6943 23.2996
47.3998 50.5076 3.38527 10.7146 23.2873
47.4998 50.493 3.39756 10.7348 23.275
47.5998 50.4783 3.40986 10.7551 23.2627
47.6998 50.4634 3.42219 10.7753 23.2504
47.7998 50.4485 3.43453 10.7955 23.238
47.8998 50.4334 3.44689 10.8157 23.2257
47.9998 50.4182 3.45927 10.8358 23.2133
48.0998 50.4028 3.47168 10.856 23.2009
48.1998 50.3873 3.4841 10.8761 23.1885
48.2998 50.3718 3.49654 10.8963 23.176
48.3998 50.356 3.509 10.9164 23.1636
48.4998 50.3402 3.52148 10.9365 23.1511
48.5998 50.3243 3.53397 10.9565 23.1386
48.6998 50.3082 3.54649 10.9766 23.1261
48.7998 50.292 3.55903 10.9966 23.1135
48.8998 50.2757 3.57159 11.0167 23.101
48.9998 50.2592 3.58416 11.0367 23.0884
49.0998 50.2427 3.59676 11.0567 23.0758
49.1998 50.226 3.60937 11.0767 23.0632
49.2998 50.2093 3.622 11.0966 23.0506
49.3998 50.1924 3.63465 11.1166 23.0379
49.4998 50.1753 3.64732 11.1365 23.0252
49.5998 50.1582 3.66001 11.1564 23.0126
49.6998 50.141 3.67272 11.1763 22.9999
49.7998 50.1236 3.68545 11.1962 22.9871
49.8998 50.1061 3.69819 11.2161 22.9744
49.9998 50.0886 3.71096 11.2359 22.9616
50.0998 50.0709 3.72374 11.2557 22.9488
50.1998 50.0531 3.73654 11.2756 22.936
50.2998 50.0352 3.74936 11.2954 22.9232
50.3998 50.0171 3.7622 11.3151 22.9104
50.4998 49.999 3.77506 11.3349 22.8975
50.5998 49.9808 3.78794 11.3546 22.8846
50.6998 49.9624 3.80083 11.3744 22.8717
50.7998 49.944 3.81374 11.3941 22.8588
50.8998 49.9254 3.82668 11.4138 22.8459
50.9998 49.9067 3.83963 11.4335 22.8329
51.0998 49.888 3.85259 11.4531 22.82
51.1998 49.8691 3.86558 11.4728 22.807
51.2998 49.8501 3.87859 11.4924 22.794
51.3998 49.831 3.89161 11.512 22.781
51.4998 49.8118 3.90465 11.5316 22.7679
51.5998 49.7925 3.91771 11.5512 22.7549
51.6998 49.7731 3.93079 11.5707 22.7418
51.7998 49.7536 3.94388 11.5903 22.7287
51.8998 49.734 3.95699 11.6098 22.7156
51.9998 49.7143 3.97013 11.6293 22.7024
52.0998 49.6945 3.98327 11.6488 22.6893
52.1998 49.6746 3.99644 11.6682 22.6761
52.2998 49.6546 4.00963 11.6877 22.6629
52.3998 49.6345 4.02283 11.7071 22.6497
52.4998 49.6143 4.03605 11.7265 22.6365
52.5998 49.5941 4.04929 11.7459 22.6233
52.6998 49.5737 4.06254 11.7653 22.61
52.7998 49.5532 4.07582 11.7847 22.5968
52.8998 49.5326 4.08911 11.804 22.5835
52.9998 49.5119 4.10242 11.8234 22.5702
53.0998 49.4911 4.11574 11.8427 22.5568
53.1998 49.4703 4.12909 11.862 22.5435
53.2998 49.4493 4.14245 11.8812 22.5301
53.3998 49.4283 4.15583 11.9005 22.5167
53.4998 49.4071 4.16922 11.9197 22.5034
53.5998 49.3859 4.18263 11.9389 22.4899
53.6998 49.3645 4.19606 11.9581 22.4765
53.7998 49.3431 4.20951 11.9773 22.4631
53.8997 49.3216 4.22298 11.9965 22.4496
53.9997 49.3 4.23646 12.0156 22.4361
54.0997 49.2783 4.24996 12.0347 22.4226
54.1997 49.2565 4.26347 12.0538 22.4091
54.2997 49.2346 4.27701 12.0729 22.3956
54.3997 49.2127 4.29056 12.092 22.382
54.4997 49.1906 4.30412 12.1111 22.3684
54.5997 49.1685 4.31771 12.1301 22.3549
54.6997 49.1462 4.33131 12.1491 22.3413
54.7997 49.1239 4.34493 12.1681 22.3276
54.8997 49.1015 4.35856 12.1871 22.314
54.9997 49.079 4.37221 12.206 22.3004
55.0997 49.0565 4.38588 12.225 22.2867
55.1997 49.0338 4.39956 12.2439 22.273
55.2997 49.0111 4.41327 12.2628 22.2593
55.3997 48.9882 4.42698 12.2817 22.2456
55.4997 48.9653 4.44072 12.3005 22.2319
55.5997 48.9423 4.45447 12.3194 22.2181
55.6997 48.9192 4.46823 12.3382 22.2043
55.7997 48.8961 4.48202 12.357 22.1906
55.8997 48.8728 4.49582 12.3758 22.1768
55.9997 48.8495 4.50963 12.3945 22.1629
56.0997 48.8261 4.52347 12.4133 22.1491
56.1997 48.8026 4.53732 12.432 22.1353
56.2997 48.779 4.55118 12.4507 22.1214
56.3997 48.7554 4.56506 12.4694 22.1075
56.4997 48.7316 4.57896 12.4881 22.0936
56.5997 48.7078 4.59287 12.5067 22.0797
56.6997 48.6839 4.6068 12.5253 22.0658
56.7997 48.66 4.62075 12.544 22.0518
56.8997 48.6359 4.63471 12.5625 22.0379
56.9997 48.6118 4.64868 12.5811 22.0239
57.0997 48.5876 4.66268 12.5997 22.0099
57.1997 48.5633 4.67669 12.6182 21.9959
57.2997 48.5389 4.69071 12.6367 21.9819
57.3997 48.5145 4.70475 12.6552 21.9678
57.4997 48.49 4.71881 12.6737 21.9538
57.5997 48.4654 4.73288 12.6921 21.9397
57.6997 48.4407 4.74696 12.7105 21.9256
57.7997 48.416 4.76107 12.7289 21.9115
57.8997 48.3912 4.77519 12.7473 21.8974
57.9997 48.3663 4.78932 12.7657 21.8833
58.0997 48.3413 4.80347 12.784 21.8691
58.1997 48.3163 4.81763 12.8024 21.8549
58.2997 48.2912 4.83181 12.8207 21.8408
58.3997 48.266 4.84601 12.839 21.8266
58.4997 48.2408 4.86022 12.8572 21.8124
58.5997 48.2154 4.87444 12.8755 21.7981
58.6997 48.19 4.88868 12.8937 21.7839
58.7997 48.1646 4.90294 12.9119 21.7696
58.8997 48.139 4.91721 12.9301 21.7554
58.9997 48.1134 4.9315 12.9482 21.7411
59.0997 48.0877 4.9458 12.9664 21.7268
59.1997 48.062 4.96011 12.9845 21.7125
59.2997 48.0361 4.97444 13.0026 21.6981
59.3997 48.0103 4.98879 13.0207 21.6838
59.4997 47.9843 5.00315 13.0387 21.6694
59.5997 47.9583 5.01752 13.0567 21.655
59.6997 47.9322 5.03191 13.0748 21.6407
59.7997 47.906 5.04632 13.0928 21.6263
59.8997 47.8798 5.06074 13.1107 21.6118
59.9997 47.8535 5.07517 13.1287 21.5974
60.0997 47.8271 5.08962 13.1466 21.583
60.1997 47.8006 5.10408 13.1645 21.5685
60.2997 47.7741 5.11856 13.1824 21.554
60.3997 47.7476 5.13305 13.2003 21.5395
60.4996 47.7209 5.14756 13.2181 21.525
60.5996 47.6942 5.16208 13.2359 21.5105
60.6996 47.6675 5.17661 13.2537 21.496
60.7996 47.6406 5.19116 13.2715 21.4814
60.8996 47.6137 5.20573 13.2892 21.4668
60.9996 47.5868 5.2203 13.307 21.4523
61.0996 47.5597 5.23489 13.3247 21.4377
61.1996 47.5327 5.2495 13.3424 21.4231
61.2996 47.5055 5.26412 13.3601 21.4085
61.3996 47.4783 5.27875 13.3777 21.3938
61.4996 47.451 5.2934 13.3953 21.3792
61.5996 47.4237 5.30806 13.4129 21.3645
61.6996 47.3962 5.32274 13.4305 21.3498
61.7996 47.3688 5.33743 13.4481 21.3351
61.8996 47.3413 5.35213 13.4656 21.3204
61.9996 47.3137 5.36685 13.4831 21.3057
62.0996 47.286 5.38158 13.5006 21.291
62.1996 47.2583 5.39632 13.5181 21.2763
62.2996 47.2305 5.41108 13.5355 21.2615
62.3996 47.2027 5.42585 13.5529 21.2467
62.4996 47.1748 5.44063 13.5703 21.2319
62.5996 47.1468 5.45543 13.5877 21.2171
62.6996 47.1188 5.47024 13.6051 21.2023
62.7996 47.0907 5.48506 13.6224 21.1875
62.8996 47.0626 5.4999 13.6397 21.1727
62.9996 47.0344 5.51475 13.657 21.1578
63.0996 47.0062 5.52962 13.6742 21.143
63.1996 46.9778 5.54449 13.6915 21.1281
63.2996 46.9495 5.55939 13.7087 21.1132
63.3996 46.9211 5.57429 13.7259 21.0983
63.4996 46.8926 5.58921 13.7431 21.0834
63.5996 46.864 5.60414 13.7602 21.0684
63.6996 46.8354 5.61908 13.7773 21.0535
63.7996 46.8068 5.63403 13.7944 21.0385
63.8996 46.7781 5.649 13.8115 21.0236
63.9996 46.7493 5.66398 13.8286 21.0086
64.0996 46.7205 5.67898 13.8456 20.9936
64.1996 46.6916 5.69398 13.8626 20.9786
64.2996 46.6627 5.709 13.8796 20.9636
64.3996 46.6337 5.72403 13.8965 20.9485
64.4996 46.6046 5.73908 13.9135 20.9335
64.5996 46.5755 5.75414 13.9304 20.9184
64.6996 46.5464 5.76921 13.9473 20.9034
64.7996 46.5171 5.78429 13.9641 20.8883
64.8996 46.4879 5.79938 13.981 20.8732
64.9996 46.4586 5.81449 13.9978 20.8581
65.0996 46.4292 5.82961 14.0146 20.843
65.1996 46.3998 5.84474 14.0314 20.8278
65.2996 46.3703 5.85988 14.0481 20.8127
65.3996 46.3408 5.87504 14.0648 20.7975
65.4996 46.3112 5.8902 14.0815 20.7824
65.5996 46.2815 5.90538 14.0982 20.7672
65.6996 46.2518 5.92058 14.1148 20.752
65.7996 46.2221 5.93578 14.1315 20.7368
65.8996 46.1923 5.951 14.1481 20.7216
65.9996 46.1625 5.96622 14.1646 20.7063
66.0996 46.1326 5.98146 14.1812 20.6911
66.1996 46.1026 5.99671 14.1977 20.6759
66.2996 46.0726 6.01198 14.2142 20.6606
66.3996 46.0426 6.02725 14.2307 20.6453
66.4996 46.0125 6.04254 14.2471 20.63
66.5996 45.9823 6.05784 14.2636 20.6147
66.6996 45.9521 6.07315 14.28 20.5994
66.7996 45.9219 6.08847 14.2963 20.5841
66.8996 45.8916 6.1038 14.3127 20.5688
66.9995 45.8612 6.11914 14.329 20.5534
67.0995 45.8308 6.1345 14.3453 20.5381
67.1995 45.8004 6.14986 14.3616 20.5227
67.2995 45.7699 6.16524 14.3779 20.5073
67.3995 45.7394 6.18063 14.3941 20.4919
67.4995 45.7088 6.19603 14.4103 20.4765
67.5995 45.6781 6.21144 14.4265 20.4611
67.6995 45.6474 6.22687 14.4426 20.4457
67.7995 45.6167 6.2423 14.4587 20.4303
67.8995 45.5859 6.25774 14.4748 20.4148
67.9995 45.5551 6.2732 14.4909 20.3994
68.0995 45.5242 6.28866 14.5069 20.3839
68.1995 45.4933 6.30414 14.523 20.3684
68.2995 45.4623 6.31963 14.539 20.3529
68.3995 45.4313 6.33513 14.5549 20.3374
68.4995 45.4002 6.35064 14.5709 20.3219
68.5995 45.3691 6.36616 14.5868 20.3064
68.6995 45.338 6.38169 14.6027 20.2909
68.7995 45.3068 6.39723 14.6185 20.2753
68.8995 45.2755 6.41278 14.6344 20.2598
68.9995 45.2442 6.42834 14.6502 20.2442
69.0995 45.2129 6.44392 14.666 20.2287
69.1995 45.1815 6.4595 14.6817 20.2131
69.2995 45.1501 6.47509 14.6975 20.1975
69.3995 45.1186 6.4907 14.7132 20.1819
69.4995 45.0871 6.50631 14.7289 20.1663
69.5995 45.0555 6.52194 14.7445 20.1506
69.6995 45.0239 6.53757 14.7602 20.135
69.7995 44.9923 6.55322 14.7758 20.1194
69.8995 44.9606 6.56887 14.7913 20.1037
69.9995 44.9288 6.58453 14.8069 20.088
70.0995 44.8971 6.60021 14.8224 20.0724
70.1995 44.8652 6.61589 14.8379 20.0567
70.2995 44.8334 6.63159 14.8534 20.041
70.3995 44.8015 6.64729 14.8688 20.0253
70.4995 44.7695 6.66301 14.8842 20.0096
70.5995 44.7375 6.67873 14.8996 19.9938
70.6995 44.7055 6.69446 14.915 19.9781
70.7995 44.6734 6.7102 14.9303 19.9624
70.8995 44.6413 6.72596 14.9456 19.9466
70.9995 44.6091 6.74172 14.9609 19.9309
71.0995 44.5769 6.75749 14.9761 19.9151
71.1995 44.5447 6.77327 14.9913 19.8993
71.2995 44.5124 6.78906 15.0065 19.8835
71.3995 44.4801 6.80486 15.0217 19.8677
71.4995 44.4477 6.82067 15.0368 19.8519
71.5995 44.4153 6.83649 15.052 19.8361
71.6995 44.3828 6.85231 15.067 19.8203
71.7995 44.3503 6.86815 15.0821 19.8044
71.8995 44.3178 6.884 15.0971 19.7886
71.9995 44.2852 6.89985 15.1121 19.7727
72.0995 44.2526 6.91571 15.1271 19.7569
72.1995 44.22 6.93159 15.142 19.741
72.2995 44.1873 6.94747 15.157 19.7251
72.3995 44.1546 6.96336 15.1718 19.7092
72.4995 44.1218 6.97926 15.1867 19.6933
72.5995 44.089 6.99517 15.2015 19.6774
72.6995 44.0561 7.01108 15.2163 19.6615
72.7995 44.0232 7.02701 15.2311 19.6456
72.8995 43.9903 7.04294 15.2459 19.6296
72.9995 43.9574 7.05888 15.2606 19.6137
73.0995 43.9244 7.07483 15.2753 19.5977
73.1995 43.8913 7.09079 15.2899 19.5818
73.2995 43.8582 7.10676 15.3046 19.5658
73.3995 43.8251 7.12274 15.3192 19.5498
73.4995 43.792 7.13872 15.3337 19.5339
73.5994 43.7588 7.15471 15.3483 19.5179
73.6994 43.7256 7.17071 15.3628 19.5019
73.7994 43.6923 7.18672 15.3773 19.4858
73.8994 43.659 7.20274 15.3917 19.4698
73.9994 43.6256 7.21877 15.4062 19.4538
74.0994 43.5923 7.2348 15.4206 19.4378
74.1994 43.5589 7.25084 15.4349 19.4217
74.2994 43.5254 7.26689 15.4493 19.4057
74.3994 43.4919 7.28295 15.4636 19.3896
74.4994 43.4584 7.29901 15.4779 19.3736
74.5994 43.4248 7.31508 15.4921 19.3575
74.6994 43.3912 7.33116 15.5063 19.3414
74.7994 43.3576 7.34725 15.5205 19.3253
74.8994 43.3239 7.36335 15.5347 19.3092
74.9994 43.2902 7.37945 15.5488 19.2931
75.0994 43.2565 7.39556 15.5629 19.277
75.1994 43.2227 7.41168 15.577 19.2609
75.2994 43.1889 7.4278 15.591 19.2448
75.3994 43.1551 7.44394 15.605 19.2286
75.4994 43.1212 7.46008 15.619 19.2125
75.5994 43.0873 7.47623 15.633 19.1963
75.6994 43.0533 7.49238 15.6469 19.1802
75.7994 43.0194 7.50854 15.6608 19.164
75.8994 42.9853 7.52471 15.6747 19.1479
75.9994 42.9513 7.54089 15.6885 19.1317
76.0994 42.9172 7.55707 15.7023 19.1155
76.1994 42.8831 7.57326 15.7161 19.0993
76.2994 42.8489 7.58946 15.7298 19.0831
76.3994 42.8147 7.60566 15.7435 19.0669
76.4994 42.7805 7.62187 15.7572 19.0507
76.5994 42.7463 7.63809 15.7708 19.0345
76.6994 42.712 7.65432 15.7844 19.0183
76.7994 42.6777 7.67055 15.798 19.002
76.8994 42.6433 7.68679 15.8116 18.9858
76.9994 42.6089 7.70303 15.8251 18.9695
77.0994 42.5745 7.71928 15.8386 18.9533
77.1994 42.54 7.73554 15.852 18.937
77.2994 42.5056 7.7518 15.8655 18.9208
77.3994 42.471 7.76807 15.8789 18.9045
77.4994 42.4365 7.78435 15.8922 18.8882
77.5994 42.4019 7.80063 15.9056 18.8719
77.6994 42.3673 7.81692 15.9189 18.8556
77.7994 42.3327 7.83322 15.9321 18.8394
77.8994 42.298 7.84952 15.9454 18.8231
77.9994 42.2633 7.86583 15.9586 18.8067
78.0994 42.2285 7.88214 15.9718 18.7904
78.1994 42.1938 7.89846 15.9849 18.7741
78.2994 42.159 7.91479 15.998 18.7578
78.3994 42.1241 7.93112 16.0111 18.7415
78.4994 42.0893 7.94745 16.0241 18.7251
78.5994 42.0544 7.9638 16.0372 18.7088
78.6994 42.0194 7.98015 16.0501 18.6924
78.7994 41.9845 7.9965 16.0631 18.6761
78.8994 41.9495 8.01286 16.076 18.6597
78.9994 41.9145 8.02923 16.0889 18.6433
79.0994 41.8794 8.0456 16.1017 18.627
79.1994 41.8443 8.06198 16.1146 18.6106
79.2994 41.8092 8.07836 16.1273 18.5942
79.3994 41.7741 8.09475 16.1401 18.5778
79.4994 41.7389 8.11114 16.1528 18.5614
79.5994 41.7037 8.12754 16.1655 18.545
79.6994 41.6685 8.14394 16.1782 18.5286
79.7994 41.6332 8.16035 16.1908 18.5122
79.8994 41.5979 8.17677 16.2034 18.4958
79.9994 41.5626 8.19319 16.2159 18.4794
80.0993 41.5273 8.20961 16.2285 18.463
80.1993 41.4919 8.22604 16.2409 18.4465
80.2993 41.4565 8.24247 16.2534 18.4301
80.3993 41.4211 8.25891 16.2658 18.4137
80.4993 41.3856 8.27536 16.2782 18.3972
80.5993 41.3501 8.29181 16.2906 18.3808
80.6993 41.3146 8.30826 16.3029 18.3643
80.7993 41.279 8.32472 16.3152 18.3479
80.8993 41.2434 8.34118 16.3274 18.3314
80.9993 41.2078 8.35765 16.3397 18.3149
81.0993 41.1722 8.37412 16.3518 18.2985
81.1993 41.1365 8.3906 16.364 18.282
81.2993 41.1008 8.40708 16.3761 18.2655
81.3993 41.0651 8.42356 16.3882 18.249
81.4993 41.0294 8.44005 16.4002 18.2325
81.5993 40.9936 8.45655 16.4123 18.216
81.6993 40.9578 8.47305 16.4242 18.1995
81.7993 40.922 8.48955 16.4362 18.183
81.8993 40.8861 8.50605 16.4481 18.1665
81.9993 40.8502 8.52257 16.46 18.15
82.0993 40.8143 8.53908 16.4718 18.1335
82.1993 40.7784 8.5556 16.4836 18.117
82.2993 40.7424 8.57212 16.4954 18.1004
82.3993 40.7064 8.58865 16.5071 18.0839
82.4993 40.6704 8.60518 16.5189 18.0674
82.5993 40.6344 8.62171 16.5305 18.0509
82.6993 40.5983 8.63825 16.5422 18.0343
82.7993 40.5622 8.65479 16.5538 18.0178
82.8993 40.5261 8.67134 16.5653 18.0012
82.9993 40.4899 8.68789 16.5768 17.9847
83.0993 40.4537 8.70444 16.5883 17.9681
83.1993 40.4175 8.721 16.5998 17.9516
83.2993 40.3813 8.73756 16.6112 17.935
83.3993 40.345 8.75412 16.6226 17.9185
83.4993 40.3088 8.77069 16.634 17.9019
83.5993 40.2724 8.78726 16.6453 17.8853
83.6993 40.2361 8.80383 16.6566 17.8687
83.7993 40.1997 8.8204 16.6678 17.8522
83.8993 40.1634 8.83698 16.679 17.8356
83.9993 40.127 8.85357 16.6902 17.819
84.0993 40.0905 8.87015 16.7013 17.8024
84.1993 40.0541 8.88674 16.7124 17.7858
84.2993 40.0176 8.90333 16.7235 17.7692
84.3993 39.9811 8.91993 16.7345 17.7526
84.4993 39.9445 8.93652 16.7455 17.736
84.5993 39.908 8.95312 16.7564 17.7194
84.6993 39.8714 8.96972 16.7674 17.7028
84.7993 39.8348 8.98633 16.7782 17.6862
84.8993 39.7981 9.00294 16.7891 17.6696
84.9993 39.7615 9.01955 16.7999 17.653
85.0993 39.7248 9.03616 16.8107 17.6364
85.1993 39.6881 9.05278 16.8214 17.6198
85.2993 39.6513 9.06939 16.8321 17.6032
85.3993 39.6146 9.08601 16.8427 17.5866
85.4993 39.5778 9.10264 16.8534 17.5699
85.5993 39.541 9.11926 16.864 17.5533
85.6993 39.5042 9.13589 16.8745 17.5367
85.7993 39.4673 9.15252 16.885 17.5201
85.8993 39.4304 9.16915 16.8955 17.5034
85.9993 39.3935 9.18578 16.9059 17.4868
86.0993 39.3566 9.20242 16.9163 17.4702
86.1993 39.3197 9.21906 16.9267 17.4535
86.2993 39.2827 9.2357 16.937 17.4369
86.3993 39.2457 9.25234 16.9473 17.4202
86.4993 39.2087 9.26898 16.9575 17.4036
86.5993 39.1716 9.28563 16.9677 17.3869
86.6992 39.1346 9.30227 16.9779 17.3703
86.7992 39.0975 9.31892 16.988 17.3537
86.8992 39.0604 9.33557 16.9981 17.337
86.9992 39.0232 9.35222 17.0082 17.3203
87.0992 38.9861 9.36888 17.0182 17.3037
87.1992 38.9489 9.38553 17.0282 17.287
87.2992 38.9117 9.40219 17.0381 17.2704
87.3992 38.8745 9.41884 17.048 17.2537
87.4992 38.8372 9.4355 17.0579 17.2371
87.5992 38.8 9.45216 17.0677 17.2204
87.6992 38.7627 9.46882 17.0775 17.2037
87.7992 38.7254 9.48549 17.0872 17.1871
87.8992 38.688 9.50215 17.0969 17.1704
87.9992 38.6507 9.51881 17.1066 17.1538
88.0992 38.6133 9.53548 17.1162 17.1371
88.1992 38.5759 9.55215 17.1258 17.1204
88.2992 38.5385 9.56881 17.1354 17.1038
88.3992 38.501 9.58548 17.1449 17.0871
88.4992 38.4636 9.60215 17.1544 17.0704
88.5992 38.4261 9.61882 17.1638 17.0538
88.6992 38.3886 9.63549 17.1732 17.0371
88.7992 38.351 9.65216 17.1825 17.0204
88.8992 38.3135 9.66883 17.1919 17.0037
88.9992 38.2759 9.68551 17.2011 16.9871
89.0992 38.2383 9.70218 17.2104 16.9704
89.1992 38.2007 9.71885 17.2196 16.9537
89.2992 38.163 9.73553 17.2287 16.937
89.3992 38.1254 9.7522 17.2378 16.9204
89.4992 38.0877 9.76887 17.2469 16.9037
89.5992 38.05 9.78555 17.2559 16.887
89.6992 38.0123 9.80222 17.2649 16.8703
89.7992 37.9745 9.8189 17.2739 16.8537
89.8992 37.9368 9.83557 17.2828 16.837
89.9992 37.899 9.85225 17.2917 16.8203
90.0992 37.8612 9.86892 17.3005 16.8036
90.1992 37.8234 9.8856 17.3093 16.787
90.2992 37.7855 9.90227 17.318 16.7703
90.3992 37.7477 9.91895 17.3267 16.7536
90.4992 37.7098 9.93562 17.3354 16.7369
90.5992 37.6719 9.9523 17.344 16.7203
90.6992 37.6339 9.96897 17.3526 16.7036
90.7992 37.596 9.98565 17.3611 16.6869
90.8992 37.558 10.0023 17.3696 16.6703
90.9992 37.52 10.019 17.3781 16.6536
91.0992 37.482 10.0357 17.3865 16.6369
91.1992 37.444 10.0523 17.3949 16.6202
91.2992 37.406 10.069 17.4032 16.6036
91.3992 37.3679 10.0857 17.4115 16.5869
91.4992 37.3298 10.1023 17.4198 16.5702
91.5992 37.2917 10.119 17.428 16.5536
91.6992 37.2536 10.1357 17.4361 16.5369
91.7992 37.2155 10.1524 17.4443 16.5202
91.8992 37.1773 10.169 17.4524 16.5036
91.9992 37.1391 10.1857 17.4604 16.4869
92.0992 37.1009 10.2023 17.4684 16.4702
92.1992 37.0627 10.219 17.4763 16.4536
92.2992 37.0244 10.2357 17.4843 16.4369
92.3992 36.9862 10.2523 17.4921 16.4202
92.4992 36.9479 10.269 17.4999 16.4036
92.5992 36.9096 10.2857 17.5077 16.3869
92.6992 36.8713 10.3023 17.5155 16.3703
92.7992 36.833 10.319 17.5232 16.3536
92.8992 36.7946 10.3356 17.5308 16.3369
92.9992 36.7562 10.3523 17.5384 16.3203
93.0992 36.7179 10.3689 17.546 16.3036
93.1992 36.6795 10.3856 17.5535 16.287
93.2991 36.641 10.4022 17.561 16.2703
93.3991 36.6026 10.4189 17.5685 16.2537
93.4991 36.5641 10.4355 17.5758 16.2371
93.5991 36.5256 10.4522 17.5832 16.2204
93.6991 36.4871 10.4688 17.5905 16.2038
93.7991 36.4486 10.4854 17.5978 16.1871
93.8991 36.4101 10.5021 17.605 16.1705
93.9991 36.3715 10.5187 17.6122 16.1539
94.0991 36.333 10.5353 17.6193 16.1372
94.1991 36.2944 10.552 17.6264 16.1206
94.2991 36.2558 10.5686 17.6334 16.104
94.3991 36.2171 10.5852 17.6404 16.0873
94.4991 36.1785 10.6019 17.6474 16.0707
94.5991 36.1398 10.6185 17.6543 16.0541
94.6991 36.1012 10.6351 17.6612 16.0375
94.7991 36.0625 10.6517 17.668 16.0208
94.8991 36.0237 10.6683 17.6748 16.0042
94.9991 35.985 10.685 17.6815 15.9876
95.0991 35.9463 10.7016 17.6882 15.971
95.1991 35.9075 10.7182 17.6948 15.9544
95.2991 35.8687 10.7348 17.7014 15.9378
95.3991 35.8299 10.7514 17.708 15.9212
95.4991 35.7911 10.768 17.7145 15.9046
95.5991 35.7523 10.7846 17.7209 15.888
95.6991 35.7134 10.8012 17.7273 15.8714
95.7991 35.6746 10.8178 17.7337 15.8548
95.8991 35.6357 10.8343 17.74 15.8382
95.9991 35.5968 10.8509 17.7463 15.8216
96.0991 35.5578 10.8675 17.7525 15.8051
96.1991 35.5189 10.8841 17.7587 15.7885
96.2991 35.48 10.9007 17.7649 15.7719
96.3991 35.441 10.9172 17.771 15.7553
96.4991 35.402 10.9338 17.777 15.7388
96.5991 35.363 10.9504 17.783 15.7222
96.6991 35.324 10.9669 17.789 15.7056
96.7991 35.2849 10.9835 17.7949 15.6891
96.8991 35.2459 11.0001 17.8007 15.6725
96.9991 35.2068 11.0166 17.8066 15.656
97.0991 35.1677 11.0332 17.8123 15.6394
97.1991 35.1286 11.0497 17.818 15.6229
97.2991 35.0895 11.0662 17.8237 15.6063
97.3991 35.0504 11.0828 17.8294 15.5898
97.4991 35.0112 11.0993 17.8349 15.5733
97.5991 34.9721 11.1159 17.8405 15.5567
97.6991 34.9329 11.1324 17.846 15.5402
97.7991 34.8937 11.1489 17.8514 15.5237
97.8991 34.8545 11.1654 17.8568 15.5072
97.9991 34.8153 11.1819 17.8621 15.4906
98.0991 34.776 11.1984 17.8674 15.4741
98.1991 34.7368 11.215 17.8727 15.4576
98.2991 34.6975 11.2315 17.8779 15.4411
98.3991 34.6582 11.248 17.883 15.4246
98.4991 34.6189 11.2644 17.8881 15.4081
98.5991 34.5796 11.2809 17.8932 15.3916
98.6991 34.5402 11.2974 17.8982 15.3751
98.7991 34.5009 11.3139 17.9032 15.3587
98.8991 34.4615 11.3304 17.9081 15.3422
98.9991 34.4221 11.3469 17.9129 15.3257
99.0991 34.3827 11.3633 17.9178 15.3093
99.1991 34.3433 11.3798 17.9225 15.2928
99.2991 34.3039 11.3962 17.9273 15.2763
99.3991 34.2644 11.4127 17.9319 15.2599
99.4991 34.225 11.4291 17.9365 15.2434
99.5991 34.1855 11.4456 17.9411 15.227
99.6991 34.146 11.462 17.9456 15.2105
99.799 34.1065 11.4785 17.9501 15.1941
99.899 34.067 11.4949 17.9545 15.1777
99.999 34.0275 11.5113 17.9589 15.1613
100.099 33.9879 11.5277 17.9632 15.1448
100.199 33.9483 11.5442 17.9675 15.1284
100.299 33.9088 11.5606 17.9717 15.112
100.399 33.8692 11.577 17.9759 15.0956
100.499 33.8296 11.5934 17.9801 15.0792
100.599 33.7899 11.6098 17.9841 15.0628
100.699 33.7503 11.6261 17.9882 15.0464
100.799 33.7107 11.6425 17.9921 15.03
100.899 33.671 11.6589 17.9961 15.0137
100.999 33.6313 11.6753 17.9999 14.9973
101.099 33.5916 11.6916 18.0038 14.9809
101.199 33.5519 11.708 18.0075 14.9646
101.299 33.5122 11.7244 18.0113 14.9482
101.399 33.4724 11.7407 18.0149 14.9319
101.499 33.4327 11.757 18.0186 14.9155
101.599 33.3929 11.7734 18.0221 14.8992
101.699 33.3531 11.7897 18.0257 14.8829
101.799 33.3134 11.806 18.0291 14.8665
101.899 33.2735 11.8224 18.0326 14.8502
101.999 33.2337 11.8387 18.0359 14.8339
102.099 33.1939 11.855 18.0393 14.8176
102.199 33.154 11.8713 18.0425 14.8013
102.299 33.1142 11.8876 18.0457 14.785
102.399 33.0743 11.9039 18.0489 14.7687
102.499 33.0344 11.9202 18.052 14.7524
102.599 32.9945 11.9364 18.0551 14.7361
102.699 32.9546 11.9527 18.0581 14.7199
102.799 32.9147 11.969 18.061 14.7036
102.899 32.8747 11.9852 18.0639 14.6873
102.999 32.8348 12.0015 18.0668 14.6711
103.099 32.7948 12.0177 18.0696 14.6549
103.199 32.7548 12.034 18.0724 14.6386
103.299 32.7148 12.0502 18.075 14.6224
103.399 32.6748 12.0664 18.0777 14.6062
103.499 32.6348 12.0826 18.0803 14.5899
103.599 32.5947 12.0988 18.0828 14.5737
103.699 32.5547 12.115 18.0853 14.5575
103.799 32.5146 12.1312 18.0877 14.5413
103.899 32.4745 12.1474 18.0901 14.5251
103.999 32.4344 12.1636 18.0924 14.509
104.099 32.3943 12.1798 18.0947 14.4928
104.199 32.3542 12.196 18.0969 14.4766
104.299 32.3141 12.2121 18.0991 14.4604
104.399 32.2739 12.2283 18.1012 14.4443
104.499 32.2338 12.2444 18.1033 14.4281
104.599 32.1936 12.2606 18.1053 14.412
104.699 32.1534 12.2767 18.1072 14.3959
104.799 32.1132 12.2928 18.1091 14.3797
104.899 32.073 12.3089 18.111 14.3636
104.999 32.0328 12.3251 18.1128 14.3475
105.099 31.9926 12.3412 18.1145 14.3314
105.199 31.9523 12.3573 18.1162 14.3153
105.299 31.9121 12.3733 18.1178 14.2992
105.399 31.8718 12.3894 18.1194 14.2831
105.499 31.8315 12.4055 18.1209 14.2671
105.599 31.7912 12.4216 18.1224 14.251
105.699 31.7509 12.4376 18.1238 14.235
105.799 31.7106 12.4537 18.1252 14.2189
105.899 31.6703 12.4697 18.1265 14.2029
105.999 31.6299 12.4857 18.1277 14.1868
106.099 31.5896 12.5018 18.1289 14.1708
106.199 31.5492 12.5178 18.13 14.1548
106.299 31.5088 12.5338 18.1311 14.1388
106.399 31.4684 12.5498 18.1321 14.1228
106.499 31.428 12.5658 18.1331 14.1068
106.599 31.3876 12.5818 18.134 14.0908
106.699 31.3472 12.5977 18.1349 14.0748
106.799 31.3067 12.6137 18.1357 14.0589
106.899 31.2663 12.6297 18.1364 14.0429
106.999 31.2258 12.6456 18.1371 14.0269
107.099 31.1853 12.6616 18.1377 14.011
107.199 31.1449 12.6775 18.1383 13.9951
107.299 31.1044 12.6934 18.1388 13.9791
107.399 31.0638 12.7093 18.1393 13.9632
107.499 31.0233 12.7253 18.1397 13.9473
107.599 30.9828 12.7412 18.1401 13.9314
107.699 30.9422 12.757 18.1404 13.9155
107.799 30.9017 12.7729 18.1406 13.8996
107.899 30.8611 12.7888 18.1408 13.8838
107.999 30.8205 12.8047 18.1409 13.8679
108.099 30.7799 12.8205 18.141 13.8521
108.199 30.7393 12.8364 18.141 13.8362
108.299 30.6987 12.8522 18.141 13.8204
108.399 30.6581 12.868 18.1408 13.8045
108.499 30.6174 12.8838 18.1407 13.7887
108.599 30.5768 12.8997 18.1405 13.7729
108.699 30.5361 12.9155 18.1402 13.7571
108.799 30.4954 12.9312 18.1399 13.7413
108.899 30.4548 12.947 18.1395 13.7255
108.999 30.4141 12.9628 18.139 13.7098
109.099 30.3734 12.9786 18.1385 13.694
109.199 30.3326 12.9943 18.1379 13.6783
109.299 30.2919 13.0101 18.1373 13.6625
109.399 30.2512 13.0258 18.1366 13.6468
109.499 30.2104 13.0415 18.1359 13.6311
109.599 30.1697 13.0572 18.1351 13.6153
109.699 30.1289 13.0729 18.1342 13.5996
109.799 30.0881 13.0886 18.1333 13.584
109.899 30.0473 13.1043 18.1324 13.5683
109.999 30.0065 13.12 18.1313 13.5526
110.099 29.9657 13.1356 18.1302 13.5369
110.199 29.9249 13.1513 18.1291 13.5213
110.299 29.884 13.1669 18.1279 13.5056
110.399 29.8432 13.1826 18.1266 13.49
110.499 29.8023 13.1982 18.1253 13.4744
110.599 29.7614 13.2138 18.1239 13.4588
110.699 29.7206 13.2294 18.1224 13.4432
110.799 29.6797 13.245 18.1209 13.4276
110.899 29.6388 13.2606 18.1193 13.412
110.999 29.5978 13.2762 18.1177 13.3964
111.099 29.5569 13.2917 18.116 13.3808
111.199 29.516 13.3073 18.1143 13.3653
111.299 29.475 13.3228 18.1125 13.3497
111.399 29.4341 13.3384 18.1106 13.3342
111.499 29.3931 13.3539 18.1087 13.3187
111.599 29.3521 13.3694 18.1067 13.3032
111.699 29.3112 13.3849 18.1046 13.2877
111.799 29.2702 13.4004 18.1025 13.2722
111.899 29.2292 13.4159 18.1004 13.2567
111.999 29.1881 13.4313 18.0981 13.2413
112.099 29.1471 13.4468 18.0958 13.2258
112.199 29.1061 13.4622 18.0935 13.2104
112.299 29.065 13.4777 18.0911 13.1949
112.399 29.024 13.4931 18.0886 13.1795
112.499 28.9829 13.5085 18.086 13.1641
112.599 28.9418 13.5239 18.0834 13.1487
112.699 28.9007 13.5393 18.0808 13.1333
112.799 28.8596 13.5547 18.0781 13.1179
112.899 28.8185 13.57 18.0753 13.1026
112.999 28.7774 13.5854 18.0724 13.0872
113.099 28.7363 13.6007 18.0695 13.0719
113.199 28.6951 13.6161 18.0665 13.0565
113.299 28.654 13.6314 18.0635 13.0412
113.399 28.6128 13.6467 18.0604 13.0259
113.499 28.5717 13.662 18.0573 13.0106
113.599 28.5305 13.6773 18.054 12.9953
113.699 28.4893 13.6925 18.0507 12.98
113.799 28.4481 13.7078 18.0474 12.9648
113.899 28.4069 13.7231 18.044 12.9495
113.999 28.3657 13.7383 18.0405 12.9343
114.099 28.3245 13.7535 18.037 12.919
114.199 28.2832 13.7687 18.0334 12.9038
114.299 28.242 13.7839 18.0297 12.8886
114.399 28.2007 13.7991 18.026 12.8734
114.499 28.1595 13.8143 18.0222 12.8583
114.599 28.1182 13.8295 18.0184 12.8431
114.699 28.0769 13.8446 18.0145 12.8279
114.799 28.0356 13.8598 18.0105 12.8128
114.899 27.9943 13.8749 18.0064 12.7977
114.999 27.953 13.89 18.0023 12.7825
115.099 27.9117 13.9051 17.9982 12.7674
115.199 27.8704 13.9202 17.9939 12.7523
115.299 27.829 13.9353 17.9896 12.7373
115.399 27.7877 13.9504 17.9853 12.7222
115.499 27.7463 13.9654 17.9808 12.7071
115.599 27.705 13.9805 17.9763 12.6921
115.699 27.6636 13.9955 17.9718 12.677
115.799 27.6222 14.0105 17.9672 12.662
115.899 27.5808 14.0255 17.9625 12.647
115.999 27.5394 14.0405 17.9577 12.632
116.099 27.498 14.0555 17.9529 12.617
116.199 27.4566 14.0705 17.948 12.6021
116.299 27.4151 14.0854 17.9431 12.5871
116.399 27.3737 14.1004 17.9381 12.5722
116.499 27.3323 14.1153 17.933 12.5573
116.599 27.2908 14.1302 17.9279 12.5423
116.699 27.2493 14.1451 17.9227 12.5274
116.799 27.2079 14.16 17.9174 12.5125
116.899 27.1664 14.1749 17.912 12.4977
116.999 27.1249 14.1898 17.9066 12.4828
117.099 27.0834 14.2046 17.9012 12.4679
117.199 27.0419 14.2195 17.8956 12.4531
117.299 27.0004 14.2343 17.89 12.4383
117.399 26.9588 14.2491 17.8844 12.4235
117.499 26.9173 14.2639 17.8786 12.4087
117.599 26.8758 14.2787 17.8728 12.3939
117.699 26.8342 14.2935 17.867 12.3791
117.799 26.7927 14.3082 17.861 12.3644
117.899 26.7511 14.323 17.855 12.3496
117.999 26.7095 14.3377 17.849 12.3349
118.099 26.6679 14.3524 17.8428 12.3202
118.199 26.6263 14.3671 17.8366 12.3055
118.299 26.5847 14.3818 17.8303 12.2908
118.399 26.5431 14.3965 17.824 12.2761
118.499 26.5015 14.4111 17.8176 12.2614
118.599 26.4599 14.4258 17.8111 12.2468
118.699 26.4182 14.4404 17.8046 12.2322
118.799 26.3766 14.455 17.798 12.2175
118.899 26.3349 14.4696 17.7913 12.2029
118.999 26.2933 14.4842 17.7846 12.1883
119.099 26.2516 14.4988 17.7778 12.1738
119.199 26.2099 14.5134 17.7709 12.1592
119.299 26.1682 14.5279 17.7639 12.1447
119.399 26.1265 14.5425 17.7569 12.1301
119.499 26.0848 14.557 17.7498 12.1156
119.599 26.0431 14.5715 17.7427 12.1011
119.699 26.0014 14.586 17.7355 12.0866
119.799 25.9597 14.6004 17.7282 12.0721
119.899 25.9179 14.6149 17.7208 12.0577
119.999 25.8762 14.6294 17.7134 12.0432
120.099 25.8344 14.6438 17.7059 12.0288
120.199 25.7927 14.6582 17.6983 12.0144
120.299 25.7509 14.6726 17.6907 12
120.399 25.7091 14.687 17.683 11.9856
120.499 25.6674 14.7014 17.6752 11.9712
120.599 25.6256 14.7157 17.6674 11.9568
120.699 25.5838 14.7301 17.6595 11.9425
120.799 25.542 14.7444 17.6515 11.9281
120.899 25.5001 14.7587 17.6435 11.9138
120.999 25.4583 14.773 17.6353 11.8995
121.099 25.4165 14.7873 17.6271 11.8852
121.199 25.3747 14.8016 17.6189 11.871
121.299 25.3328 14.8159 17.6106 11.8567
121.399 25.291 14.8301 17.6022 11.8425
121.499 25.2491 14.8443 17.5937 11.8283
121.599 25.2072 14.8585 17.5852 11.814
121.699 25.1653 14.8727 17.5765 11.7998
121.799 25.1235 14.8869 17.5679 11.7857
121.899 25.0816 14.9011 17.5591 11.7715
121.999 25.0397 14.9152 17.5503 11.7574
122.099 24.9978 14.9294 17.5414 11.7432
122.199 24.9559 14.9435 17.5324 11.7291
122.299 24.9139 14.9576 17.5234 11.715
122.399 24.872 14.9717 17.5143 11.7009
122.499 24.8301 14.9857 17.5051 11.6868
122.599 24.7881 14.9998 17.4959 11.6728
122.699 24.7462 15.0138 17.4866 11.6587
122.799 24.7042 15.0279 17.4772 11.6447
122.899 24.6622 15.0419 17.4677 11.6307
122.999 24.6203 15.0559 17.4582 11.6167
123.099 24.5783 15.0698 17.4486 11.6027
123.199 24.5363 15.0838 17.4389 11.5888
123.299 24.4943 15.0977 17.4291 11.5748
123.399 24.4523 15.1117 17.4193 11.5609
123.499 24.4103 15.1256 17.4094 11.547
123.599 24.3683 15.1395 17.3995 11.5331
123.699 24.3263 15.1534 17.3894 11.5192
123.799 24.2842 15.1672 17.3793 11.5053
123.899 24.2422 15.1811 17.3691 11.4915
123.999 24.2001 15.1949 17.3589 11.4777
124.099 24.1581 15.2087 17.3486 11.4638
124.199 24.116 15.2225 17.3382 11.45
124.299 24.074 15.2363 17.3277 11.4363
124.399 24.0319 15.2501 17.3171 11.4225
124.499 23.9898 15.2638 17.3065 11.4087
124.599 23.9477 15.2776 17.2958 11.395
124.699 23.9056 15.2913 17.2851 11.3813
124.799 23.8635 15.305 17.2742 11.3676
124.899 23.8214 15.3187 17.2633 11.3539
124.999 23.7793 15.3323 17.2523 11.3402
125.099 23.7372 15.346 17.2413 11.3266
125.199 23.695 15.3596 17.2301 11.313
125.299 23.6529 15.3732 17.2189 11.2993
125.399 23.6108 15.3868 17.2077 11.2857
125.499 23.5686 15.4004 17.1963 11.2721
125.599 23.5264 15.414 17.1849 11.2586
125.699 23.4843 15.4275 17.1734 11.245
125.799 23.4421 15.4411 17.1618 11.2315
125.899 23.3999 15.4546 17.1502 11.218
125.999 23.3578 15.4681 17.1384 11.2045
126.099 23.3156 15.4816 17.1266 11.191
126.199 23.2734 15.495 17.1148 11.1775
126.299 23.2312 15.5085 17.1028 11.1641
126.399 23.1889 15.5219 17.0908 11.1507
126.499 23.1467 15.5353 17.0787 11.1372
126.599 23.1045 15.5487 17.0665 11.1238
126.699 23.0623 15.5621 17.0543 11.1105
126.799 23.02 15.5755 17.042 11.0971
126.899 22.9778 15.5888 17.0296 11.0838
126.999 22.9355 15.6021 17.0171 11.0704
127.099 22.8933 15.6154 17.0046 11.0571
127.199 22.851 15.6287 16.9919 11.0438
127.299 22.8088 15.642 16.9792 11.0306
127.399 22.7665 15.6553 16.9665 11.0173
127.499 22.7242 15.6685 16.9536 11.0041
127.599 22.6819 15.6817 16.9407 10.9908
127.699 22.6396 15.6949 16.9277 10.9776
127.799 22.5973 15.7081 16.9146 10.9645
127.899 22.555 15.7213 16.9015 10.9513
127.999 22.5127 15.7344 16.8883 10.9381
128.099 22.4704 15.7476 16.875 10.925
128.199 22.428 15.7607 16.8616 10.9119
128.299 22.3857 15.7738 16.8481 10.8988
128.399 22.3434 15.7868 16.8346 10.8857
128.499 22.301 15.7999 16.821 10.8727
128.599 22.2587 15.813 16.8073 10.8596
128.699 22.2163 15.826 16.7935 10.8466
128.799 22.1739 15.839 16.7797 10.8336
128.899 22.1316 15.852 16.7658 10.8206
128.999 22.0892 15.8649 16.7518 10.8076
129.099 22.0468 15.8779 16.7377 10.7947
129.199 22.0044 15.8908 16.7236 10.7817
129.299 21.962 15.9037 16.7094 10.7688
129.399 21.9196 15.9166 16.6951 10.7559
129.499 21.8772 15.9295 16.6807 10.7431
129.599 21.8348 15.9424 16.6662 10.7302
129.699 21.7924 15.9552 16.6517 10.7174
129.799 21.7499 15.968 16.6371 10.7045
129.899 21.7075 15.9808 16.6224 10.6917
129.999 21.6651 15.9936 16.6077 10.679
130.099 21.6226 16.0064 16.5928 10.6662
130.199 21.5802 16.0191 16.5779 10.6534
130.299 21.5377 16.0319 16.5629 10.6407
130.399 21.4952 16.0446 16.5478 10.628
130.499 21.4528 16.0573 16.5327 10.6153
130.599 21.4103 16.0699 16.5175 10.6026
130.699 21.3678 16.0826 16.5022 10.59
130.799 21.3253 16.0952 16.4868 10.5774
130.899 21.2828 16.1078 16.4713 10.5647
130.999 21.2403 16.1204 16.4558 10.5521
131.099 21.1978 16.133 16.4402 10.5396
131.199 21.1553 16.1456 16.4245 10.527
131.299 21.1128 16.1581 16.4087 10.5145
131.399 21.0703 16.1706 16.3928 10.502
131.499 21.0278 16.1831 16.3769 10.4895
131.599 20.9852 16.1956 16.3609 10.477
131.699 20.9427 16.2081 16.3448 10.4645
131.799 20.9001 16.2205 16.3286 10.4521
131.899 20.8576 16.2329 16.3124 10.4396
131.999 20.815 16.2453 16.2961 10.4272
132.099 20.7725 16.2577 16.2797 10.4149
132.199 20.7299 16.2701 16.2632 10.4025
132.299 20.6873 16.2824 16.2466 10.3901
132.399 20.6448 16.2947 16.23 10.3778
132.499 20.6022 16.3071 16.2133 10.3655
132.599 20.5596 16.3193 16.1965 10.3532
132.699 20.517 16.3316 16.1796 10.341
132.799 20.4744 16.3438 16.1626 10.3287
132.899 20.4318 16.3561 16.1456 10.3165
132.999 20.3892 16.3683 16.1285 10.3043
133.099 20.3466 16.3805 16.1113 10.2921
133.199 20.304 16.3926 16.094 10.2799
133.299 20.2613 16.4048 16.0767 10.2678
133.399 20.2187 16.4169 16.0592 10.2557
133.499 20.1761 16.429 16.0417 10.2436
133.599 20.1334 16.4411 16.0241 10.2315
133.699 20.0908 16.4532 16.0064 10.2194
133.799 20.0481 16.4652 15.9887 10.2074
133.899 20.0055 16.4772 15.9709 10.1953
133.999 19.9628 16.4892 15.9529 10.1833
134.099 19.9201 16.5012 15.935 10.1713
134.199 19.8775 16.5132 15.9169 10.1594
134.299 19.8348 16.5251 15.8987 10.1474
134.399 19.7921 16.5371 15.8805 10.1355
134.499 19.7494 16.549 15.8622 10.1236
134.599 19.7067 16.5609 15.8438 10.1117
134.699 19.664 16.5727 15.8253 10.0998
134.799 19.6213 16.5846 15.8068 10.088
134.899 19.5786 16.5964 15.7881 10.0762
134.999 19.5359 16.6082 15.7694 10.0644
135.099 19.4932 16.62 15.7506 10.0526
135.199 19.4504 16.6317 15.7317 10.0408
135.299 19.4077 16.6435 15.7128 10.0291
135.399 19.365 16.6552 15.6937 10.0174
135.499 19.3222 16.6669 15.6746 10.0057
135.599 19.2795 16.6786 15.6554 9.99399
135.699 19.2367 16.6902 15.6361 9.98234
135.799 19.194 16.7019 15.6168 9.9707
135.899 19.1512 16.7135 15.5973 9.95908
135.999 19.1085 16.7251 15.5778 9.94749
136.099 19.0657 16.7367 15.5582 9.93592
136.199 19.0229 16.7482 15.5385 9.92436
136.299 18.9801 16.7597 15.5187 9.91283
136.399 18.9374 16.7713 15.4989 9.90132
136.499 18.8946 16.7827 15.479 9.88983
136.599 18.8518 16.7942 15.459 9.87836
136.699 18.809 16.8057 15.4389 9.86691
136.799 18.7662 16.8171 15.4187 9.85549
136.899 18.7234 16.8285 15.3984 9.84408
136.999 18.6806 16.8399 15.3781 9.8327
137.099 18.6377 16.8512 15.3577 9.82133
137.199 18.5949 16.8626 15.3372 9.80999
137.299 18.5521 16.8739 15.3166 9.79867
137.399 18.5093 16.8852 15.296 9.78737
137.499 18.4664 16.8965 15.2752 9.7761
137.599 18.4236 16.9077 15.2544 9.76484
137.699 18.3807 16.919 15.2335 9.7536
137.799 18.3379 16.9302 15.2125 9.74239
137.899 18.295 16.9414 15.1914 9.7312
137.999 18.2522 16.9525 15.1703 9.72003
138.099 18.2093 16.9637 15.149 9.70888
138.199 18.1664 16.9748 15.1277 9.69776
138.299 18.1236 16.9859 15.1063 9.68665
138.399 18.0807 16.997 15.0848 9.67557
138.499 18.0378 17.0081 15.0633 9.66451
138.599 17.9949 17.0191 15.0416 9.65347
138.699 17.952 17.0301 15.0199 9.64245
138.799 17.9091 17.0411 14.9981 9.63145
138.899 17.8662 17.0521 14.9762 9.62048
138.999 17.8233 17.063 14.9543 9.60953
139.099 17.7804 17.074 14.9322 9.5986
139.199 17.7375 17.0849 14.9101 9.58769
139.299 17.6946 17.0958 14.8879 9.57681
139.399 17.6517 17.1066 14.8656 9.56594
139.499 17.6087 17.1175 14.8432 9.5551
139.599 17.5658 17.1283 14.8207 9.54428
139.699 17.5229 17.1391 14.7982 9.53348
139.799 17.4799 17.1499 14.7756 9.52271
139.899 17.437 17.1606 14.7528 9.51195
139.999 17.394 17.1713 14.7301 9.50122
140.099 17.3511 17.1821 14.7072 9.49052
140.199 17.3081 17.1927 14.6842 9.47983
140.299 17.2652 17.2034 14.6612 9.46917
140.399 17.2222 17.214 14.6381 9.45852
140.499 17.1792 17.2247 14.6149 9.44791
140.599 17.1363 17.2353 14.5916 9.43731
140.699 17.0933 17.2458 14.5682 9.42674
140.799 17.0503 17.2564 14.5448 9.41618
140.899 17.0073 17.2669 14.5212 9.40566
140.999 16.9643 17.2774 14.4976 9.39515
141.099 16.9213 17.2879 14.4739 9.38467
141.199 16.8783 17.2984 14.4502 9.3742
141.299 16.8353 17.3088 14.4263 9.36377
141.399 16.7923 17.3192 14.4024 9.35335
141.499 16.7493 17.3296 14.3783 9.34296
141.599 16.7063 17.34 14.3542 9.33259
141.699 16.6633 17.3503 14.33 9.32224
141.799 16.6203 17.3607 14.3058 9.31192
141.899 16.5772 17.371 14.2814 9.30161
141.999 16.5342 17.3812 14.257 9.29134
142.099 16.4912 17.3915 14.2325 9.28108
142.199 16.4481 17.4017 14.2079 9.27085
142.299 16.4051 17.4119 14.1832 9.26064
142.399 16.362 17.4221 14.1584 9.25045
142.499 16.319 17.4323 14.1336 9.24029
142.6 16.2759 17.4424 14.1086 9.23015
142.7 16.2329 17.4525 14.0836 9.22003
142.8 16.1898 17.4626 14.0585 9.20993
142.9 16.1467 17.4727 14.0334 9.19986
143 16.1037 17.4828 14.0081 9.18982
143.1 16.0606 17.4928 13.9828 9.17979
143.2 16.0175 17.5028 13.9573 9.16979
143.3 15.9744 17.5128 13.9318 9.15981
143.4 15.9313 17.5227 13.9062 9.14986
143.5 15.8883 17.5326 13.8806 9.13993
143.6 15.8452 17.5426 13.8548 9.13002
143.7 15.8021 17.5524 13.829 9.12013
143.8 15.759 17.5623 13.8031 9.11027
143.9 15.7159 17.5721 13.7771 9.10043
144 15.6727 17.582 13.751 9.09062
144.1 15.6296 17.5917 13.7248 9.08083
144.2 15.5865 17.6015 13.6986 9.07106
144.3 15.5434 17.6113 13.6723 9.06132
144.4 15.5003 17.621 13.6459 9.0516
144.5 15.4571 17.6307 13.6194 9.0419
144.6 15.414 17.6403 13.5928 9.03223
144.7 15.3709 17.65 13.5661 9.02258
144.8 15.3277 17.6596 13.5394 9.01296
144.9 15.2846 17.6692 13.5126 9.00336
145 15.2414 17.6788 13.4857 8.99378
145.1 15.1983 17.6883 13.4587 8.98423
145.2 15.1551 17.6979 13.4316 8.9747
145.3 15.112 17.7074 13.4045 8.96519
145.4 15.0688 17.7169 13.3773 8.95571
145.5 15.0257 17.7263 13.35 8.94625
145.6 14.9825 17.7358 13.3226 8.93682
145.7 14.9393 17.7452 13.2951 8.92741
145.8 14.8961 17.7545 13.2676 8.91802
145.9 14.853 17.7639 13.2399 8.90866
146 14.8098 17.7732 13.2122 8.89932
146.1 14.7666 17.7826 13.1844 8.89001
146.2 14.7234 17.7918 13.1565 8.88072
146.3 14.6802 17.8011 13.1286 8.87146
146.4 14.637 17.8104 13.1005 8.86222
146.5 14.5938 17.8196 13.0724 8.853
146.6 14.5506 17.8288 13.0442 8.84381
146.7 14.5074 17.8379 13.0159 8.83464
146.8 14.4642 17.8471 12.9875 8.8255
146.9 14.421 17.8562 12.9591 8.81638
147 14.3778 17.8653 12.9306 8.80728
147.1 14.3346 17.8744 12.902 8.79821
147.2 14.2913 17.8834 12.8733 8.78916
147.3 14.2481 17.8924 12.8445 8.78014
147.4 14.2049 17.9014 12.8156 8.77115
147.5 14.1616 17.9104 12.7867 8.76217
147.6 14.1184 17.9193 12.7577 8.75323
147.7 14.0752 17.9283 12.7286 8.7443
147.8 14.0319 17.9372 12.6994 8.7354
147.9 13.9887 17.946 12.6702 8.72653
148 13.9454 17.9549 12.6408 8.71768
148.1 13.9022 17.9637 12.6114 8.70885
148.2 13.8589 17.9725 12.5819 8.70005
148.3 13.8157 17.9813 12.5523 8.69128
148.4 13.7724 17.99 12.5227 8.68253
148.5 13.7291 17.9988 12.4929 8.6738
148.6 13.6859 18.0075 12.4631 8.6651
148.7 13.6426 18.0161 12.4332 8.65643
148.8 13.5993 18.0248 12.4032 8.64777
148.9 13.556 18.0334 12.3732 8.63915
149 13.5128 18.042 12.343 8.63055
149.1 13.4695 18.0506 12.3128 8.62197
149.2 13.4262 18.0592 12.2825 8.61342
149.3 13.3829 18.0677 12.2521 8.60489
149.4 13.3396 18.0762 12.2217 8.59639
149.5 13.2963 18.0847 12.1911 8.58791
149.6 13.253 18.0931 12.1605 8.57946
149.7 13.2097 18.1015 12.1298 8.57104
149.8 13.1664 18.1099 12.0991 8.56263
149.9 13.1231 18.1183 12.0682 8.55426
150 13.0798 18.1267 12.0373 8.54591
150.1 13.0365 18.135 12.0063 8.53758
150.2 12.9932 18.1433 11.9752 8.52928
150.3 12.9498 18.1516 11.944 8.52101
150.4 12.9065 18.1598 11.9128 8.51276
150.5 12.8632 18.168 11.8814 8.50453
150.6 12.8198 18.1762 11.85 8.49633
150.7 12.7765 18.1844 11.8185 8.48816
150.8 12.7332 18.1926 11.787 8.48001
150.9 12.6898 18.2007 11.7553 8.47189
151 12.6465 18.2088 11.7236 8.46379
151.1 12.6032 18.2169 11.6918 8.45572
151.2 12.5598 18.2249 11.6599 8.44767
151.3 12.5165 18.2329 11.628 8.43965
151.4 12.4731 18.2409 11.596 8.43165
151.5 12.4298 18.2489 11.5638 8.42368
151.6 12.3864 18.2568 11.5317 8.41574
151.7 12.343 18.2648 11.4994 8.40782
151.8 12.2997 18.2726 11.4671 8.39993
151.9 12.2563 18.2805 11.4346 8.39206
152 12.2129 18.2884 11.4021 8.38422
152.1 12.1696 18.2962 11.3696 8.3764
152.2 12.1262 18.304 11.3369 8.36861
152.3 12.0828 18.3117 11.3042 8.36085
152.4 12.0394 18.3195 11.2714 8.35311
152.5 11.996 18.3272 11.2385 8.34539
152.6 11.9527 18.3349 11.2055 8.33771
152.7 11.9093 18.3425 11.1725 8.33004
152.8 11.8659 18.3502 11.1394 8.32241
152.9 11.8225 18.3578 11.1062 8.3148
153 11.7791 18.3654 11.073 8.30722
153.1 11.7357 18.3729 11.0396 8.29966
153.2 11.6923 18.3804 11.0062 8.29213
153.3 11.6489 18.388 10.9727 8.28462
153.4 11.6055 18.3954 10.9392 8.27714
153.5 11.5621 18.4029 10.9055 8.26969
153.6 11.5187 18.4103 10.8718 8.26226
153.7 11.4752 18.4177 10.838 8.25486
153.8 11.4318 18.4251 10.8041 8.24748
153.9 11.3884 18.4324 10.7702 8.24013
154 11.345 18.4398 10.7362 8.23281
154.1 11.3016 18.4471 10.7021 8.22551
154.2 11.2581 18.4543 10.6679 8.21824
154.3 11.2147 18.4616 10.6337 8.21099
154.4 11.1713 18.4688 10.5994 8.20377
154.5 11.1278 18.476 10.565 8.19658
154.6 11.0844 18.4832 10.5305 8.18942
154.7 11.041 18.4903 10.496 8.18228
154.8 10.9975 18.4974 10.4614 8.17516
154.9 10.9541 18.5045 10.4267 8.16808
155 10.9106 18.5116 10.392 8.16101
155.1 10.8672 18.5186 10.3571 8.15398
155.2 10.8237 18.5256 10.3222 8.14697
155.3 10.7803 18.5326 10.2873 8.13999
155.4 10.7368 18.5395 10.2522 8.13303
155.5 10.6933 18.5465 10.2171 8.12611
155.6 10.6499 18.5534 10.1819 8.1192
155.7 10.6064 18.5602 10.1466 8.11233
155.8 10.563 18.5671 10.1113 8.10548
155.9 10.5195 18.5739 10.0759 8.09866
156 10.476 18.5807 10.0404 8.09186
156.1 10.4325 18.5875 10.0048 8.08509
156.2 10.3891 18.5942 9.96923 8.07835
156.3 10.3456 18.6009 9.93353 8.07163
156.4 10.3021 18.6076 9.89776 8.06494
156.5 10.2586 18.6143 9.86193 8.05828
156.6 10.2151 18.6209 9.82602 8.05164
156.7 10.1717 18.6275 9.79004 8.04503
156.8 10.1282 18.6341 9.75399 8.03845
156.9 10.0847 18.6407 9.71787 8.03189
157 10.0412 18.6472 9.68168 8.02536
157.1 9.99768 18.6537 9.64542 8.01886
157.2 9.95418 18.6602 9.60909 8.01239
157.3 9.91068 18.6666 9.57269 8.00594
157.4 9.86718 18.6731 9.53622 7.99952
157.5 9.82368 18.6795 9.49968 7.99312
157.6 9.78017 18.6858 9.46308 7.98675
157.7 9.73666 18.6922 9.4264 7.98041
157.8 9.69315 18.6985 9.38965 7.9741
157.9 9.64964 18.7048 9.35284 7.96781
158 9.60612 18.711 9.31596 7.96155
158.1 9.5626 18.7173 9.27901 7.95531
158.2 9.51908 18.7235 9.24199 7.94911
158.3 9.47556 18.7296 9.2049 7.94293
158.4 9.43204 18.7358 9.16775 7.93678
158.5 9.38851 18.7419 9.13053 7.93065
158.6 9.34498 18.748 9.09324 7.92455
158.7 9.30145 18.7541 9.05588 7.91848
158.8 9.25792 18.7601 9.01846 7.91244
158.9 9.21439 18.7662 8.98097 7.90642
159.001 9.17085 18.7721 8.94342 7.90043
159.101 9.12731 18.7781 8.9058 7.89447
159.201 9.08377 18.784 8.86811 7.88853
159.301 9.04023 18.7899 8.83035 7.88262
159.401 8.99669 18.7958 8.79253 7.87674
159.501 8.95314 18.8017 8.75465 7.87089
159.601 8.90959 18.8075 8.7167 7.86506
159.701 8.86605 18.8133 8.67868 7.85926
159.801 8.82249 18.8191 8.6406 7.85349
159.901 8.77894 18.8248 8.60246 7.84775
160.001 8.73538 18.8305 8.56425 7.84203
160.101 8.69183 18.8362 8.52598 7.83634
160.201 8.64827 18.8419 8.48764 7.83068
160.301 8.60471 18.8475 8.44924 7.82504
160.401 8.56114 18.8531 8.41078 7.81944
160.501 8.51758 18.8587 8.37225 7.81386
160.601 8.47401 18.8643 8.33366 7.8083
160.701 8.43044 18.8698 8.295 7.80278
160.801 8.38687 18.8753 8.25629 7.79728
160.901 8.3433 18.8808 8.21751 7.79181
161.001 8.29973 18.8862 8.17867 7.78637
161.101 8.25615 18.8916 8.13976 7.78095
161.201 8.21257 18.897 8.1008 7.77556
161.301 8.16899 18.9024 8.06177 7.7702
161.401 8.12541 18.9077 8.02269 7.76487
161.501 8.08183 18.913 7.98354 7.75956
161.601 8.03825 18.9183 7.94433 7.75429
161.701 7.99466 18.9235 7.90506 7.74904
161.801 7.95107 18.9288 7.86573 7.74382
161.901 7.90748 18.934 7.82634 7.73862
162.001 7.86389 18.9391 7.78689 7.73345
162.101 7.8203 18.9443 7.74738 7.72831
162.201 7.7767 18.9494 7.70781 7.7232
162.301 7.7331 18.9545 7.66818 7.71812
162.401 7.68951 18.9595 7.62849 7.71306
162.501 7.64591 18.9645 7.58875 7.70803
162.601 7.6023 18.9695 7.54894 7.70303
162.701 7.5587 18.9745 7.50908 7.69806
162.801 7.5151 18.9795 7.46916 7.69312
162.901 7.47149 18.9844 7.42918 7.6882
163.001 7.42788 18.9893 7.38915 7.68331
163.101 7.38427 18.9941 7.34906 7.67845
163.201 7.34066 18.999 7.30891 7.67361
163.301 7.29705 19.0038 7.2687 7.66881
163.401 7.25343 19.0085 7.22844 7.66403
163.501 7.20982 19.0133 7.18812 7.65928
163.601 7.1662 19.018 7.14774 7.65456
163.701 7.12258 19.0227 7.10731 7.64986
163.801 7.07896 19.0274 7.06683 7.6452
163.901 7.03534 19.032 7.02629 7.64056
164.001 6.99172 19.0366 6.98569 7.63595
164.101 6.94809 19.0412 6.94504 7.63137
164.201 6.90447 19.0458 6.90434 7.62681
164.301 6.86084 19.0503 6.86358 7.62228
164.401 6.81721 19.0548 6.82277 7.61779
164.501 6.77358 19.0593 6.7819 7.61332
164.601 6.72994 19.0637 6.74098 7.60887
164.701 6.68631 19.0681 6.70001 7.60446
164.801 6.64268 19.0725 6.65899 7.60007
164.901 6.59904 19.0769 6.61791 7.59572
165.001 6.5554 19.0812 6.57678 7.59139
165.101 6.51176 19.0855 6.5356 7.58708
165.201 6.46812 19.0898 6.49437 7.58281
165.301 6.42448 19.094 6.45309 7.57856
165.401 6.38084 19.0982 6.41175 7.57435
165.501 6.33719 19.1024 6.37037 7.57016
165.601 6.29354 19.1066 6.32893 7.566
165.701 6.2499 19.1107 6.28745 7.56186
165.801 6.20625 19.1148 6.24591 7.55776
165.901 6.1626 19.1189 6.20433 7.55368
166.001 6.11895 19.1229 6.16269 7.54963
166.101 6.07529 19.127 6.12101 7.54561
166.201 6.03164 19.1309 6.07928 7.54162
166.301 5.98798 19.1349 6.0375 7.53766
166.401 5.94433 19.1388 5.99567 7.53372
166.501 5.90067 19.1428 5.95379 7.52982
166.601 5.85701 19.1466 5.91187 7.52594
166.701 5.81335 19.1505 5.8699 7.52209
166.801 5.76969 19.1543 5.82788 7.51827
166.901 5.72603 19.1581 5.78581 7.51447
167.001 5.68236 19.1619 5.7437 7.51071
167.101 5.6387 19.1656 5.70154 7.50697
167.201 5.59503 19.1693 5.65934 7.50326
167.301 5.55136 19.173 5.61709 7.49958
167.401 5.50769 19.1766 5.5748 7.49593
167.501 5.46402 19.1803 5.53246 7.49231
167.601 5.42035 19.1839 5.49008 7.48871
167.701 5.37668 19.1874 5.44765 7.48514
167.801 5.33301 19.191 5.40518 7.48161
167.901 5.28933 19.1945 5.36267 7.4781
168.001 5.24566 19.198 5.32011 7.47462
168.101 5.20198 19.2014 5.27751 7.47116
168.201 5.1583 19.2048 5.23487 7.46774
168.301 5.11462 19.2082 5.19218 7.46434
168.401 5.07094 19.2116 5.14946 7.46098
168.501 5.02726 19.2149 5.10669 7.45764
168.601 4.98358 19.2182 5.06388 7.45433
168.701 4.9399 19.2215 5.02103 7.45105
168.801 4.89621 19.2248 4.97813 7.44779
168.901 4.85253 19.228 4.9352 7.44457
169.001 4.80884 19.2312 4.89223 7.44137
169.101 4.76515 19.2344 4.84922 7.4382
169.201 4.72146 19.2375 4.80616 7.43507
169.301 4.67777 19.2406 4.76307 7.43195
169.401 4.63408 19.2437 4.71994 7.42887
169.501 4.59039 19.2468 4.67678 7.42582
169.601 4.5467 19.2498 4.63357 7.4228
169.701 4.50301 19.2528 4.59033 7.4198
169.801 4.45931 19.2557 4.54704 7.41683
169.901 4.41562 19.2587 4.50373 7.41389
170.001 4.37192 19.2616 4.46037 7.41098
170.101 4.32822 19.2645 4.41698 7.4081
170.201 4.28453 19.2673 4.37355 7.40525
170.301 4.24083 19.2701 4.33009 7.40243
170.401 4.19713 19.2729 4.28659 7.39963
170.501 4.15343 19.2757 4.24305 7.39687
170.601 4.10973 19.2784 4.19948 7.39413
170.701 4.06602 19.2812 4.15588 7.39142
170.801 4.02232 19.2838 4.11224 7.38874
170.901 3.97862 19.2865 4.06857 7.38609
171.001 3.93491 19.2891 4.02486 7.38346
171.101 3.89121 19.2917 3.98112 7.38087
171.201 3.8475 19.2943 3.93735 7.37831
171.301 3.80379 19.2968 3.89355 7.37577
171.401 3.76008 19.2993 3.84971 7.37326
171.501 3.71638 19.3018 3.80585 7.37078
171.601 3.67267 19.3042 3.76195 7.36833
171.701 3.62896 19.3067 3.71802 7.36591
171.801 3.58524 19.3091 3.67406 7.36352
171.901 3.54153 19.3114 3.63007 7.36115
172.001 3.49782 19.3138 3.58605 7.35882
172.101 3.45411 19.3161 3.542 7.35651
172.201 3.41039 19.3183 3.49792 7.35424
172.301 3.36668 19.3206 3.45381 7.35199
172.401 3.32296 19.3228 3.40967 7.34977
172.501 3.27925 19.325 3.3655 7.34758
172.601 3.23553 19.3272 3.32131 7.34541
172.701 3.19181 19.3293 3.27709 7.34328
172.801 3.14809 19.3314 3.23284 7.34118
172.901 3.10437 19.3335 3.18857 7.3391
173.001 3.06065 19.3355 3.14426 7.33706
173.101 3.01693 19.3375 3.09994 7.33504
173.201 2.97321 19.3395 3.05558 7.33305
173.301 2.92949 19.3415 3.0112 7.33109
173.401 2.88577 19.3434 2.9668 7.32916
173.501 2.84205 19.3453 2.92237 7.32726
173.601 2.79832 19.3472 2.87792 7.32538
173.701 2.7546 19.349 2.83344 7.32354
173.801 2.71088 19.3508 2.78894 7.32173
173.901 2.66715 19.3526 2.74442 7.31994
174.001 2.62343 19.3544 2.69987 7.31818
174.101 2.5797 19.3561 2.6553 7.31645
174.201 2.53597 19.3578 2.61071 7.31475
174.301 2.49225 19.3595 2.5661 7.31308
174.401 2.44852 19.3611 2.52146 7.31144
174.501 2.40479 19.3627 2.47681 7.30983
174.601 2.36106 19.3643 2.43213 7.30825
174.701 2.31733 19.3659 2.38743 7.30669
174.801 2.2736 19.3674 2.34272 7.30517
174.901 2.22987 19.3689 2.29798 7.30367
175.001 2.18614 19.3704 2.25322 7.3022
175.101 2.14241 19.3718 2.20845 7.30076
175.201 2.09868 19.3732 2.16366 7.29935
175.301 2.05495 19.3746 2.11885 7.29797
175.402 2.01121 19.3759 2.07402 7.29662
175.502 1.96748 19.3773 2.02917 7.2953
175.602 1.92375 19.3786 1.98431 7.29401
175.702 1.88001 19.3798 1.93943 7.29274
175.802 1.83628 19.3811 1.89453 7.29151
175.902 1.79255 19.3823 1.84962 7.2903
176.002 1.74881 19.3834 1.80469 7.28912
176.102 1.70508 19.3846 1.75975 7.28797
176.202 1.66134 19.3857 1.71479 7.28686
176.302 1.61761 19.3868 1.66982 7.28577
176.402 1.57387 19.3879 1.62484 7.2847
176.502 1.53013 19.3889 1.57984 7.28367
176.602 1.4864 19.3899 1.53482 7.28267
176.702 1.44266 19.3909 1.4898 7.28169
176.802 1.39892 19.3918 1.44476 7.28075
176.902 1.35518 19.3927 1.39971 7.27983
177.002 1.31145 19.3936 1.35465 7.27895
177.102 1.26771 19.3945 1.30957 7.27809
177.202 1.22397 19.3953 1.26449 7.27726
177.302 1.18023 19.3961 1.2194 7.27646
177.402 1.13649 19.3969 1.17429 7.27569
177.502 1.09275 19.3976 1.12917 7.27495
177.602 1.04901 19.3983 1.08405 7.27424
177.702 1.00527 19.399 1.03892 7.27355
177.802 0.961532 19.3997 0.993774 7.2729
177.902 0.917792 19.4003 0.948623 7.27227
178.002 0.874052 19.4009 0.903464 7.27168
178.102 0.830311 19.4015 0.858297 7.27111
178.202 0.786571 19.402 0.813123 7.27057
178.302 0.74283 19.4025 0.767943 7.27006
178.402 0.699089 19.403 0.722756 7.26958
178.502 0.655348 19.4034 0.677562 7.26913
178.602 0.611606 19.4039 0.632363 7.26871
178.702 0.567865 19.4043 0.587159 7.26832
178.802 0.524123 19.4046 0.54195 7.26796
178.902 0.480382 19.4049 0.496736 7.26762
179.002 0.43664 19.4053 0.451518 7.26732
179.102 0.392898 19.4055 0.406297 7.26704
179.202 0.349156 19.4058 0.361071 7.26679
179.302 0.305414 19.406 0.315843 7.26658
179.402 0.261672 19.4062 0.270612 7.26639
179.502 0.21793 19.4063 0.225379 7.26623
179.602 0.174188 19.4065 0.180144 7.2661
179.702 0.130446 19.4066 0.134908 7.266
179.802 0.0867037 19.4066 0.0896698 7.26592
179.902 0.0429614 19.4067 0.0444314 7.26588
